100 9900 0
0 99
0 1 840
0 2 394
0 3 783
0 4 798
0 5 911
0 6 197
0 7 335
0 8 768
0 9 277
0 10 553
0 11 477
0 12 628
0 13 364
0 14 513
0 15 952
0 16 916
0 17 635
0 18 717
0 19 141
0 20 606
0 21 16
0 22 242
0 23 137
0 24 804
0 25 156
0 26 400
0 27 129
0 28 108
0 29 998
0 30 218
0 31 512
0 32 839
0 33 612
0 34 296
0 35 637
0 36 524
0 37 493
0 38 972
0 39 292
0 40 771
0 41 526
0 42 769
0 43 400
0 44 891
0 45 283
0 46 352
0 47 807
0 48 919
0 49 69
0 50 949
0 51 525
0 52 86
0 53 192
0 54 663
0 55 890
0 56 348
0 57 64
0 58 20
0 59 457
0 60 63
0 61 238
0 62 970
0 63 902
0 64 850
0 65 266
0 66 539
0 67 375
0 68 760
0 69 512
0 70 667
0 71 531
0 72 39
0 73 437
0 74 931
0 75 930
0 76 720
0 77 284
0 78 738
0 79 639
0 80 354
0 81 687
0 82 165
0 83 440
0 84 880
0 85 829
0 86 330
0 87 228
0 88 893
0 89 350
0 90 686
0 91 956
0 92 588
0 93 657
0 94 858
0 95 439
0 96 923
0 97 398
0 98 814
0 99 684
1 0 910
1 2 482
1 3 215
1 4 950
1 5 920
1 6 147
1 7 881
1 8 641
1 9 431
1 10 619
1 11 281
1 12 786
1 13 307
1 14 447
1 15 226
1 16 187
1 17 276
1 18 556
1 19 416
1 20 169
1 21 906
1 22 103
1 23 126
1 24 495
1 25 760
1 26 984
1 27 935
1 28 684
1 29 383
1 30 749
1 31 368
1 32 294
1 33 232
1 34 584
1 35 244
1 36 152
1 37 732
1 38 125
1 39 793
1 40 164
1 41 745
1 42 74
1 43 950
1 44 52
1 45 521
1 46 176
1 47 240
1 48 797
1 49 732
1 50 656
1 51 967
1 52 639
1 53 759
1 54 93
1 55 134
1 56 520
1 57 78
1 58 69
1 59 204
1 60 461
1 61 819
1 62 573
1 63 755
1 64 51
1 65 157
1 66 999
1 67 204
1 68 889
1 69 125
1 70 997
1 71 54
1 72 870
1 73 72
1 74 4
1 75 923
1 76 593
1 77 180
1 78 163
1 79 391
1 80 913
1 81 819
1 82 359
1 83 552
1 84 579
1 85 452
1 86 687
1 87 99
1 88 530
1 89 757
1 90 304
1 91 992
1 92 576
1 93 877
1 94 747
1 95 628
1 96 35
1 97 747
1 98 833
1 99 925
2 0 873
2 1 831
2 3 979
2 4 743
2 5 903
2 6 983
2 7 666
2 8 497
2 9 163
2 10 830
2 11 888
2 12 76
2 13 649
2 14 248
2 15 629
2 16 229
2 17 700
2 18 316
2 19 328
2 20 231
2 21 74
2 22 633
2 23 223
2 24 651
2 25 510
2 26 971
2 27 280
2 28 546
2 29 719
2 30 113
2 31 471
2 32 592
2 33 944
2 34 450
2 35 336
2 36 847
2 37 434
2 38 3
2 39 344
2 40 598
2 41 833
2 42 233
2 43 675
2 44 482
2 45 481
2 46 304
2 47 712
2 48 182
2 49 621
2 50 40
2 51 413
2 52 695
2 53 673
2 54 637
2 55 347
2 56 184
2 57 609
2 58 627
2 59 730
2 60 328
2 61 740
2 62 202
2 63 920
2 64 684
2 65 653
2 66 257
2 67 532
2 68 87
2 69 260
2 70 877
2 71 686
2 72 93
2 73 111
2 74 361
2 75 576
2 76 593
2 77 666
2 78 288
2 79 775
2 80 288
2 81 329
2 82 189
2 83 984
2 84 3
2 85 827
2 86 331
2 87 188
2 88 436
2 89 958
2 90 918
2 91 764
2 92 699
2 93 121
2 94 685
2 95 383
2 96 774
2 97 943
2 98 916
2 99 861
3 0 203
3 1 793
3 2 548
3 4 297
3 5 904
3 6 909
3 7 873
3 8 498
3 9 576
3 10 162
3 11 273
3 12 864
3 13 492
3 14 463
3 15 848
3 16 495
3 17 291
3 18 180
3 19 684
3 20 727
3 21 139
3 22 603
3 23 492
3 24 838
3 25 724
3 26 178
3 27 221
3 28 498
3 29 121
3 30 138
3 31 360
3 32 324
3 33 931
3 34 908
3 35 622
3 36 836
3 37 818
3 38 496
3 39 334
3 40 394
3 41 658
3 42 608
3 43 258
3 44 151
3 45 72
3 46 107
3 47 647
3 48 363
3 49 288
3 50 331
3 51 91
3 52 427
3 53 934
3 54 583
3 55 265
3 56 658
3 57 761
3 58 487
3 59 157
3 60 883
3 61 625
3 62 517
3 63 207
3 64 557
3 65 426
3 66 829
3 67 394
3 68 244
3 69 326
3 70 729
3 71 638
3 72 984
3 73 338
3 74 897
3 75 136
3 76 410
3 77 5
3 78 783
3 79 774
3 80 293
3 81 114
3 82 865
3 83 721
3 84 49
3 85 449
3 86 986
3 87 707
3 88 210
3 89 473
3 90 865
3 91 93
3 92 99
3 93 382
3 94 301
3 95 657
3 96 809
3 97 131
3 98 51
3 99 53
4 0 457
4 1 780
4 2 692
4 3 442
4 5 119
4 6 589
4 7 578
4 8 529
4 9 595
4 10 361
4 11 304
4 12 888
4 13 476
4 14 169
4 15 609
4 16 525
4 17 618
4 18 596
4 19 233
4 20 829
4 21 70
4 22 98
4 23 923
4 24 169
4 25 481
4 26 225
4 27 826
4 28 290
4 29 357
4 30 878
4 31 344
4 32 814
4 33 659
4 34 36
4 35 257
4 36 778
4 37 625
4 38 836
4 39 308
4 40 221
4 41 198
4 42 612
4 43 109
4 44 674
4 45 782
4 46 719
4 47 200
4 48 401
4 49 315
4 50 434
4 51 230
4 52 385
4 53 532
4 54 154
4 55 555
4 56 14
4 57 380
4 58 382
4 59 305
4 60 737
4 61 260
4 62 649
4 63 552
4 64 919
4 65 685
4 66 809
4 67 697
4 68 311
4 69 645
4 70 6
4 71 532
4 72 843
4 73 618
4 74 642
4 75 518
4 76 400
4 77 362
4 78 718
4 79 801
4 80 677
4 81 152
4 82 32
4 83 63
4 84 685
4 85 187
4 86 618
4 87 700
4 88 567
4 89 1
4 90 5
4 91 305
4 92 261
4 93 655
4 94 857
4 95 181
4 96 341
4 97 667
4 98 879
4 99 653
5 0 313
5 1 885
5 2 186
5 3 157
5 4 503
5 6 828
5 7 675
5 8 904
5 9 191
5 10 394
5 11 706
5 12 868
5 13 547
5 14 738
5 15 932
5 16 233
5 17 926
5 18 551
5 19 933
5 20 494
5 21 552
5 22 939
5 23 799
5 24 814
5 25 594
5 26 657
5 27 995
5 28 935
5 29 324
5 30 874
5 31 589
5 32 637
5 33 759
5 34 775
5 35 794
5 36 262
5 37 604
5 38 470
5 39 166
5 40 795
5 41 865
5 42 873
5 43 664
5 44 412
5 45 611
5 46 596
5 47 645
5 48 538
5 49 148
5 50 579
5 51 32
5 52 700
5 53 518
5 54 832
5 55 515
5 56 112
5 57 489
5 58 510
5 59 48
5 60 814
5 61 384
5 62 637
5 63 452
5 64 143
5 65 413
5 66 247
5 67 406
5 68 17
5 69 717
5 70 573
5 71 812
5 72 582
5 73 446
5 74 477
5 75 995
5 76 58
5 77 74
5 78 640
5 79 597
5 80 222
5 81 219
5 82 630
5 83 923
5 84 737
5 85 462
5 86 438
5 87 850
5 88 952
5 89 948
5 90 899
5 91 767
5 92 333
5 93 536
5 94 219
5 95 477
5 96 949
5 97 466
5 98 884
5 99 967
6 0 183
6 1 458
6 2 780
6 3 766
6 4 904
6 5 257
6 7 761
6 8 963
6 9 331
6 10 402
6 11 560
6 12 554
6 13 622
6 14 191
6 15 477
6 16 360
6 17 653
6 18 916
6 19 210
6 20 606
6 21 865
6 22 109
6 23 373
6 24 199
6 25 646
6 26 592
6 27 676
6 28 596
6 29 58
6 30 560
6 31 563
6 32 242
6 33 18
6 34 343
6 35 9
6 36 923
6 37 601
6 38 770
6 39 887
6 40 933
6 41 173
6 42 447
6 43 487
6 44 795
6 45 639
6 46 965
6 47 155
6 48 292
6 49 882
6 50 366
6 51 899
6 52 747
6 53 475
6 54 272
6 55 946
6 56 122
6 57 865
6 58 623
6 59 718
6 60 924
6 61 184
6 62 282
6 63 167
6 64 202
6 65 626
6 66 176
6 67 126
6 68 227
6 69 946
6 70 13
6 71 160
6 72 119
6 73 461
6 74 648
6 75 915
6 76 100
6 77 614
6 78 70
6 79 393
6 80 496
6 81 436
6 82 293
6 83 244
6 84 912
6 85 566
6 86 190
6 87 34
6 88 431
6 89 813
6 90 753
6 91 356
6 92 997
6 93 35
6 94 523
6 95 200
6 96 661
6 97 699
6 98 327
6 99 889
7 0 646
7 1 341
7 2 50
7 3 766
7 4 803
7 5 698
7 6 681
7 8 904
7 9 312
7 10 752
7 11 297
7 12 809
7 13 189
7 14 591
7 15 53
7 16 101
7 17 157
7 18 244
7 19 136
7 20 589
7 21 58
7 22 889
7 23 945
7 24 56
7 25 925
7 26 469
7 27 256
7 28 587
7 29 168
7 30 584
7 31 476
7 32 815
7 33 926
7 34 526
7 35 582
7 36 729
7 37 225
7 38 264
7 39 633
7 40 538
7 41 16
7 42 931
7 43 347
7 44 205
7 45 522
7 46 400
7 47 307
7 48 679
7 49 645
7 50 443
7 51 269
7 52 703
7 53 332
7 54 214
7 55 759
7 56 258
7 57 683
7 58 16
7 59 845
7 60 852
7 61 600
7 62 321
7 63 667
7 64 526
7 65 848
7 66 250
7 67 256
7 68 73
7 69 514
7 70 889
7 71 611
7 72 531
7 73 821
7 74 958
7 75 736
7 76 343
7 77 359
7 78 43
7 79 23
7 80 5
7 81 487
7 82 292
7 83 708
7 84 820
7 85 507
7 86 467
7 87 78
7 88 190
7 89 483
7 90 923
7 91 43
7 92 84
7 93 244
7 94 711
7 95 611
7 96 92
7 97 961
7 98 867
7 99 166
8 0 475
8 1 757
8 2 777
8 3 6
8 4 578
8 5 736
8 6 743
8 7 922
8 9 96
8 10 787
8 11 946
8 12 101
8 13 274
8 14 239
8 15 809
8 16 95
8 17 746
8 18 277
8 19 173
8 20 937
8 21 760
8 22 96
8 23 981
8 24 845
8 25 341
8 26 692
8 27 456
8 28 434
8 29 654
8 30 323
8 31 600
8 32 129
8 33 81
8 34 377
8 35 136
8 36 659
8 37 114
8 38 880
8 39 582
8 40 210
8 41 668
8 42 528
8 43 312
8 44 943
8 45 768
8 46 122
8 47 38
8 48 514
8 49 399
8 50 211
8 51 452
8 52 160
8 53 308
8 54 433
8 55 5
8 56 649
8 57 126
8 58 461
8 59 84
8 60 780
8 61 785
8 62 684
8 63 910
8 64 867
8 65 62
8 66 47
8 67 527
8 68 177
8 69 927
8 70 109
8 71 387
8 72 596
8 73 638
8 74 700
8 75 539
8 76 406
8 77 822
8 78 577
8 79 921
8 80 221
8 81 789
8 82 374
8 83 381
8 84 97
8 85 807
8 86 387
8 87 747
8 88 934
8 89 849
8 90 831
8 91 714
8 92 635
8 93 516
8 94 624
8 95 502
8 96 578
8 97 671
8 98 29
8 99 755
9 0 599
9 1 139
9 2 143
9 3 195
9 4 777
9 5 844
9 6 735
9 7 184
9 8 666
9 10 312
9 11 105
9 12 888
9 13 102
9 14 479
9 15 270
9 16 199
9 17 287
9 18 657
9 19 947
9 20 221
9 21 506
9 22 778
9 23 936
9 24 142
9 25 294
9 26 561
9 27 644
9 28 873
9 29 232
9 30 673
9 31 629
9 32 832
9 33 812
9 34 773
9 35 28
9 36 590
9 37 617
9 38 763
9 39 774
9 40 284
9 41 76
9 42 880
9 43 172
9 44 178
9 45 359
9 46 443
9 47 378
9 48 647
9 49 100
9 50 325
9 51 869
9 52 607
9 53 104
9 54 805
9 55 749
9 56 398
9 57 366
9 58 394
9 59 272
9 60 599
9 61 68
9 62 901
9 63 432
9 64 881
9 65 674
9 66 460
9 67 471
9 68 292
9 69 224
9 70 246
9 71 576
9 72 301
9 73 126
9 74 749
9 75 480
9 76 485
9 77 192
9 78 858
9 79 133
9 80 293
9 81 184
9 82 2
9 83 900
9 84 288
9 85 808
9 86 650
9 87 687
9 88 175
9 89 44
9 90 959
9 91 775
9 92 112
9 93 861
9 94 207
9 95 994
9 96 536
9 97 667
9 98 465
9 99 828
10 0 892
10 1 711
10 2 405
10 3 193
10 4 837
10 5 154
10 6 673
10 7 323
10 8 347
10 9 532
10 11 457
10 12 640
10 13 717
10 14 460
10 15 541
10 16 5
10 17 268
10 18 191
10 19 693
10 20 444
10 21 236
10 22 653
10 23 219
10 24 349
10 25 514
10 26 426
10 27 343
10 28 50
10 29 94
10 30 809
10 31 879
10 32 986
10 33 521
10 34 284
10 35 180
10 36 359
10 37 438
10 38 853
10 39 683
10 40 786
10 41 386
10 42 140
10 43 426
10 44 103
10 45 600
10 46 967
10 47 109
10 48 869
10 49 159
10 50 802
10 51 313
10 52 395
10 53 455
10 54 532
10 55 745
10 56 970
10 57 958
10 58 88
10 59 20
10 60 53
10 61 897
10 62 899
10 63 39
10 64 419
10 65 183
10 66 219
10 67 778
10 68 622
10 69 73
10 70 461
10 71 408
10 72 459
10 73 601
10 74 835
10 75 563
10 76 202
10 77 803
10 78 672
10 79 71
10 80 962
10 81 475
10 82 384
10 83 358
10 84 930
10 85 916
10 86 103
10 87 900
10 88 875
10 89 191
10 90 921
10 91 928
10 92 89
10 93 820
10 94 968
10 95 508
10 96 4
10 97 188
10 98 287
10 99 627
11 0 261
11 1 748
11 2 36
11 3 721
11 4 350
11 5 872
11 6 285
11 7 552
11 8 675
11 9 957
11 10 624
11 12 637
11 13 432
11 14 8
11 15 996
11 16 363
11 17 925
11 18 99
11 19 264
11 20 801
11 21 291
11 22 186
11 23 729
11 24 380
11 25 6
11 26 698
11 27 889
11 28 11
11 29 886
11 30 176
11 31 639
11 32 148
11 33 925
11 34 675
11 35 870
11 36 275
11 37 547
11 38 155
11 39 828
11 40 222
11 41 112
11 42 452
11 43 860
11 44 545
11 45 461
11 46 856
11 47 909
11 48 386
11 49 956
11 50 174
11 51 187
11 52 247
11 53 360
11 54 917
11 55 627
11 56 367
11 57 615
11 58 517
11 59 378
11 60 501
11 61 694
11 62 17
11 63 650
11 64 619
11 65 693
11 66 520
11 67 895
11 68 241
11 69 675
11 70 723
11 71 464
11 72 788
11 73 176
11 74 325
11 75 334
11 76 637
11 77 182
11 78 243
11 79 24
11 80 138
11 81 417
11 82 212
11 83 385
11 84 777
11 85 129
11 86 13
11 87 144
11 88 745
11 89 530
11 90 523
11 91 246
11 92 224
11 93 541
11 94 897
11 95 844
11 96 235
11 97 417
11 98 739
11 99 476
12 0 92
12 1 463
12 2 941
12 3 880
12 4 640
12 5 266
12 6 214
12 7 278
12 8 448
12 9 458
12 10 302
12 11 586
12 13 875
12 14 514
12 15 971
12 16 653
12 17 644
12 18 984
12 19 798
12 20 389
12 21 515
12 22 322
12 23 636
12 24 740
12 25 864
12 26 533
12 27 584
12 28 99
12 29 950
12 30 323
12 31 576
12 32 43
12 33 787
12 34 517
12 35 924
12 36 427
12 37 784
12 38 138
12 39 705
12 40 232
12 41 597
12 42 7
12 43 819
12 44 473
12 45 522
12 46 790
12 47 126
12 48 167
12 49 775
12 50 925
12 51 556
12 52 291
12 53 247
12 54 193
12 55 31
12 56 112
12 57 727
12 58 615
12 59 211
12 60 678
12 61 939
12 62 788
12 63 721
12 64 726
12 65 305
12 66 645
12 67 154
12 68 90
12 69 784
12 70 859
12 71 322
12 72 381
12 73 867
12 74 141
12 75 854
12 76 390
12 77 932
12 78 981
12 79 557
12 80 708
12 81 906
12 82 114
12 83 0
12 84 154
12 85 307
12 86 31
12 87 267
12 88 35
12 89 647
12 90 478
12 91 713
12 92 587
12 93 267
12 94 434
12 95 314
12 96 573
12 97 80
12 98 468
12 99 663
13 0 864
13 1 327
13 2 985
13 3 246
13 4 194
13 5 127
13 6 101
13 7 584
13 8 60
13 9 82
13 10 142
13 11 769
13 12 989
13 14 256
13 15 769
13 16 144
13 17 564
13 18 800
13 19 411
13 20 599
13 21 448
13 22 890
13 23 312
13 24 35
13 25 157
13 26 747
13 27 349
13 28 730
13 29 827
13 30 817
13 31 393
13 32 692
13 33 145
13 34 379
13 35 938
13 36 340
13 37 507
13 38 40
13 39 925
13 40 568
13 41 122
13 42 67
13 43 337
13 44 112
13 45 324
13 46 106
13 47 256
13 48 888
13 49 907
13 50 668
13 51 487
13 52 355
13 53 558
13 54 800
13 55 390
13 56 716
13 57 547
13 58 740
13 59 446
13 60 374
13 61 558
13 62 840
13 63 67
13 64 703
13 65 220
13 66 6
13 67 43
13 68 728
13 69 46
13 70 969
13 71 296
13 72 169
13 73 36
13 74 633
13 75 281
13 76 360
13 77 739
13 78 538
13 79 249
13 80 646
13 81 206
13 82 736
13 83 2
13 84 764
13 85 537
13 86 393
13 87 481
13 88 84
13 89 133
13 90 928
13 91 459
13 92 691
13 93 768
13 94 526
13 95 395
13 96 989
13 97 533
13 98 439
13 99 717
14 0 579
14 1 408
14 2 14
14 3 748
14 4 445
14 5 647
14 6 30
14 7 806
14 8 387
14 9 568
14 10 55
14 11 34
14 12 774
14 13 792
14 15 36
14 16 539
14 17 329
14 18 429
14 19 20
14 20 413
14 21 563
14 22 948
14 23 873
14 24 254
14 25 717
14 26 399
14 27 650
14 28 706
14 29 933
14 30 89
14 31 424
14 32 512
14 33 497
14 34 438
14 35 261
14 36 943
14 37 86
14 38 292
14 39 749
14 40 474
14 41 860
14 42 804
14 43 508
14 44 635
14 45 596
14 46 544
14 47 174
14 48 926
14 49 974
14 50 195
14 51 340
14 52 537
14 53 144
14 54 213
14 55 792
14 56 861
14 57 613
14 58 442
14 59 568
14 60 546
14 61 532
14 62 993
14 63 59
14 64 30
14 65 432
14 66 321
14 67 973
14 68 519
14 69 613
14 70 722
14 71 993
14 72 473
14 73 527
14 74 501
14 75 109
14 76 123
14 77 46
14 78 283
14 79 50
14 80 20
14 81 479
14 82 390
14 83 558
14 84 623
14 85 603
14 86 351
14 87 485
14 88 216
14 89 793
14 90 54
14 91 762
14 92 326
14 93 47
14 94 821
14 95 356
14 96 480
14 97 142
14 98 329
14 99 999
15 0 756
15 1 51
15 2 992
15 3 229
15 4 578
15 5 493
15 6 339
15 7 702
15 8 540
15 9 622
15 10 752
15 11 561
15 12 102
15 13 143
15 14 119
15 16 726
15 17 746
15 18 470
15 19 211
15 20 963
15 21 264
15 22 265
15 23 725
15 24 590
15 25 313
15 26 547
15 27 946
15 28 793
15 29 690
15 30 276
15 31 792
15 32 446
15 33 327
15 34 785
15 35 676
15 36 906
15 37 279
15 38 15
15 39 609
15 40 819
15 41 638
15 42 362
15 43 380
15 44 741
15 45 505
15 46 500
15 47 467
15 48 251
15 49 970
15 50 678
15 51 215
15 52 235
15 53 944
15 54 940
15 55 825
15 56 258
15 57 488
15 58 772
15 59 52
15 60 178
15 61 48
15 62 845
15 63 625
15 64 376
15 65 630
15 66 302
15 67 283
15 68 909
15 69 317
15 70 892
15 71 728
15 72 956
15 73 254
15 74 109
15 75 697
15 76 759
15 77 609
15 78 165
15 79 11
15 80 580
15 81 843
15 82 226
15 83 815
15 84 788
15 85 167
15 86 641
15 87 46
15 88 656
15 89 413
15 90 98
15 91 835
15 92 462
15 93 943
15 94 460
15 95 839
15 96 574
15 97 762
15 98 122
15 99 483
16 0 80
16 1 14
16 2 212
16 3 37
16 4 269
16 5 321
16 6 735
16 7 29
16 8 931
16 9 900
16 10 40
16 11 511
16 12 744
16 13 267
16 14 326
16 15 532
16 17 435
16 18 967
16 19 579
16 20 91
16 21 381
16 22 678
16 23 926
16 24 844
16 25 622
16 26 387
16 27 683
16 28 196
16 29 149
16 30 806
16 31 680
16 32 230
16 33 821
16 34 892
16 35 268
16 36 90
16 37 214
16 38 3
16 39 119
16 40 146
16 41 903
16 42 160
16 43 657
16 44 647
16 45 427
16 46 984
16 47 180
16 48 862
16 49 952
16 50 759
16 51 954
16 52 333
16 53 437
16 54 880
16 55 178
16 56 60
16 57 267
16 58 862
16 59 256
16 60 417
16 61 668
16 62 936
16 63 648
16 64 489
16 65 829
16 66 916
16 67 579
16 68 44
16 69 919
16 70 699
16 71 190
16 72 822
16 73 859
16 74 848
16 75 470
16 76 287
16 77 832
16 78 650
16 79 150
16 80 784
16 81 410
16 82 104
16 83 118
16 84 847
16 85 984
16 86 296
16 87 908
16 88 252
16 89 158
16 90 164
16 91 670
16 92 827
16 93 101
16 94 318
16 95 316
16 96 931
16 97 234
16 98 896
16 99 975
17 0 153
17 1 595
17 2 165
17 3 976
17 4 455
17 5 13
17 6 447
17 7 742
17 8 846
17 9 97
17 10 892
17 11 630
17 12 507
17 13 997
17 14 748
17 15 355
17 16 981
17 18 44
17 19 263
17 20 234
17 21 203
17 22 428
17 23 904
17 24 30
17 25 529
17 26 222
17 27 347
17 28 460
17 29 457
17 30 243
17 31 436
17 32 611
17 33 839
17 34 602
17 35 587
17 36 295
17 37 615
17 38 35
17 39 37
17 40 462
17 41 132
17 42 930
17 43 92
17 44 640
17 45 927
17 46 841
17 47 995
17 48 909
17 49 886
17 50 259
17 51 144
17 52 89
17 53 687
17 54 48
17 55 120
17 56 217
17 57 271
17 58 467
17 59 678
17 60 728
17 61 711
17 62 114
17 63 339
17 64 551
17 65 716
17 66 927
17 67 846
17 68 332
17 69 962
17 70 884
17 71 794
17 72 95
17 73 815
17 74 886
17 75 735
17 76 742
17 77 727
17 78 730
17 79 652
17 80 613
17 81 990
17 82 796
17 83 703
17 84 677
17 85 845
17 86 823
17 87 895
17 88 116
17 89 291
17 90 573
17 91 845
17 92 2
17 93 687
17 94 185
17 95 553
17 96 403
17 97 112
17 98 400
17 99 735
18 0 75
18 1 285
18 2 529
18 3 170
18 4 100
18 5 416
18 6 906
18 7 843
18 8 144
18 9 637
18 10 495
18 11 758
18 12 627
18 13 292
18 14 461
18 15 304
18 16 138
18 17 285
18 19 199
18 20 255
18 21 576
18 22 773
18 23 100
18 24 579
18 25 460
18 26 286
18 27 133
18 28 863
18 29 399
18 30 533
18 31 599
18 32 474
18 33 818
18 34 129
18 35 645
18 36 918
18 37 546
18 38 551
18 39 762
18 40 690
18 41 188
18 42 257
18 43 449
18 44 815
18 45 550
18 46 910
18 47 120
18 48 688
18 49 196
18 50 320
18 51 943
18 52 772
18 53 93
18 54 44
18 55 351
18 56 554
18 57 330
18 58 484
18 59 417
18 60 729
18 61 18
18 62 17
18 63 204
18 64 837
18 65 147
18 66 849
18 67 756
18 68 693
18 69 401
18 70 518
18 71 384
18 72 590
18 73 776
18 74 833
18 75 405
18 76 326
18 77 743
18 78 526
18 79 15
18 80 939
18 81 847
18 82 959
18 83 712
18 84 941
18 85 3
18 86 64
18 87 495
18 88 333
18 89 549
18 90 913
18 91 63
18 92 567
18 93 930
18 94 267
18 95 405
18 96 77
18 97 117
18 98 161
18 99 771
19 0 518
19 1 679
19 2 155
19 3 108
19 4 456
19 5 988
19 6 514
19 7 783
19 8 732
19 9 41
19 10 798
19 11 672
19 12 888
19 13 757
19 14 384
19 15 830
19 16 761
19 17 448
19 18 325
19 20 94
19 21 998
19 22 238
19 23 158
19 24 565
19 25 169
19 26 425
19 27 971
19 28 247
19 29 543
19 30 132
19 31 18
19 32 61
19 33 812
19 34 174
19 35 170
19 36 268
19 37 162
19 38 684
19 39 51
19 40 894
19 41 726
19 42 849
19 43 566
19 44 614
19 45 607
19 46 951
19 47 445
19 48 368
19 49 400
19 50 770
19 51 463
19 52 398
19 53 9
19 54 621
19 55 964
19 56 179
19 57 47
19 58 935
19 59 426
19 60 590
19 61 67
19 62 445
19 63 652
19 64 879
19 65 620
19 66 822
19 67 148
19 68 782
19 69 507
19 70 199
19 71 677
19 72 233
19 73 49
19 74 244
19 75 848
19 76 656
19 77 195
19 78 293
19 79 25
19 80 595
19 81 64
19 82 488
19 83 993
19 84 74
19 85 110
19 86 958
19 87 253
19 88 158
19 89 893
19 90 680
19 91 748
19 92 961
19 93 126
19 94 401
19 95 840
19 96 746
19 97 224
19 98 989
19 99 528
20 0 731
20 1 188
20 2 206
20 3 965
20 4 238
20 5 450
20 6 814
20 7 895
20 8 645
20 9 108
20 10 920
20 11 240
20 12 173
20 13 409
20 14 234
20 15 247
20 16 519
20 17 192
20 18 500
20 19 677
20 21 86
20 22 180
20 23 426
20 24 47
20 25 306
20 26 827
20 27 887
20 28 52
20 29 51
20 30 877
20 31 581
20 32 783
20 33 65
20 34 787
20 35 749
20 36 304
20 37 237
20 38 564
20 39 199
20 40 883
20 41 673
20 42 119
20 43 124
20 44 846
20 45 528
20 46 358
20 47 94
20 48 48
20 49 551
20 50 594
20 51 726
20 52 637
20 53 775
20 54 152
20 55 684
20 56 82
20 57 980
20 58 572
20 59 135
20 60 32
20 61 449
20 62 717
20 63 815
20 64 515
20 65 504
20 66 565
20 67 819
20 68 742
20 69 130
20 70 18
20 71 626
20 72 803
20 73 138
20 74 750
20 75 650
20 76 667
20 77 109
20 78 744
20 79 716
20 80 660
20 81 338
20 82 442
20 83 298
20 84 114
20 85 594
20 86 983
20 87 197
20 88 575
20 89 556
20 90 332
20 91 607
20 92 6
20 93 49
20 94 423
20 95 521
20 96 554
20 97 989
20 98 341
20 99 297
21 0 119
21 1 360
21 2 923
21 3 922
21 4 499
21 5 674
21 6 572
21 7 166
21 8 783
21 9 316
21 10 882
21 11 444
21 12 655
21 13 325
21 14 743
21 15 770
21 16 920
21 17 726
21 18 967
21 19 495
21 20 282
21 22 300
21 23 102
21 24 288
21 25 350
21 26 526
21 27 810
21 28 905
21 29 515
21 30 152
21 31 202
21 32 634
21 33 513
21 34 126
21 35 557
21 36 12
21 37 800
21 38 129
21 39 179
21 40 584
21 41 446
21 42 62
21 43 28
21 44 102
21 45 387
21 46 771
21 47 872
21 48 307
21 49 498
21 50 840
21 51 802
21 52 780
21 53 140
21 54 905
21 55 69
21 56 490
21 57 431
21 58 880
21 59 395
21 60 946
21 61 33
21 62 598
21 63 580
21 64 546
21 65 725
21 66 137
21 67 558
21 68 526
21 69 267
21 70 737
21 71 110
21 72 714
21 73 799
21 74 138
21 75 816
21 76 186
21 77 910
21 78 689
21 79 494
21 80 408
21 81 529
21 82 296
21 83 189
21 84 670
21 85 202
21 86 259
21 87 161
21 88 633
21 89 140
21 90 557
21 91 580
21 92 173
21 93 156
21 94 161
21 95 719
21 96 881
21 97 299
21 98 277
21 99 407
22 0 566
22 1 15
22 2 517
22 3 280
22 4 815
22 5 656
22 6 97
22 7 2
22 8 566
22 9 787
22 10 496
22 11 975
22 12 316
22 13 793
22 14 164
22 15 987
22 16 995
22 17 423
22 18 149
22 19 629
22 20 564
22 21 706
22 23 209
22 24 737
22 25 862
22 26 370
22 27 456
22 28 744
22 29 669
22 30 734
22 31 152
22 32 236
22 33 750
22 34 669
22 35 517
22 36 565
22 37 326
22 38 614
22 39 567
22 40 893
22 41 401
22 42 63
22 43 868
22 44 718
22 45 857
22 46 33
22 47 706
22 48 852
22 49 457
22 50 855
22 51 482
22 52 21
22 53 561
22 54 692
22 55 758
22 56 424
22 57 62
22 58 215
22 59 169
22 60 732
22 61 949
22 62 321
22 63 969
22 64 699
22 65 991
22 66 486
22 67 264
22 68 317
22 69 101
22 70 832
22 71 210
22 72 503
22 73 895
22 74 79
22 75 222
22 76 752
22 77 112
22 78 928
22 79 605
22 80 569
22 81 784
22 82 88
22 83 590
22 84 345
22 85 780
22 86 348
22 87 770
22 88 843
22 89 563
22 90 939
22 91 576
22 92 513
22 93 260
22 94 545
22 95 213
22 96 252
22 97 32
22 98 477
22 99 569
23 0 133
23 1 309
23 2 780
23 3 636
23 4 205
23 5 859
23 6 859
23 7 958
23 8 972
23 9 787
23 10 564
23 11 541
23 12 571
23 13 652
23 14 131
23 15 917
23 16 433
23 17 480
23 18 688
23 19 276
23 20 44
23 21 628
23 22 852
23 24 558
23 25 889
23 26 397
23 27 771
23 28 141
23 29 429
23 30 249
23 31 710
23 32 563
23 33 559
23 34 491
23 35 200
23 36 765
23 37 350
23 38 59
23 39 723
23 40 322
23 41 847
23 42 288
23 43 864
23 44 418
23 45 941
23 46 996
23 47 336
23 48 374
23 49 477
23 50 24
23 51 650
23 52 522
23 53 653
23 54 503
23 55 80
23 56 542
23 57 900
23 58 851
23 59 683
23 60 330
23 61 101
23 62 394
23 63 893
23 64 660
23 65 885
23 66 94
23 67 425
23 68 236
23 69 153
23 70 149
23 71 559
23 72 0
23 73 437
23 74 423
23 75 419
23 76 378
23 77 420
23 78 755
23 79 753
23 80 897
23 81 780
23 82 404
23 83 419
23 84 433
23 85 907
23 86 500
23 87 975
23 88 808
23 89 351
23 90 659
23 91 138
23 92 452
23 93 53
23 94 32
23 95 113
23 96 939
23 97 126
23 98 538
23 99 175
24 0 280
24 1 687
24 2 734
24 3 280
24 4 125
24 5 158
24 6 699
24 7 504
24 8 578
24 9 455
24 10 257
24 11 476
24 12 236
24 13 661
24 14 896
24 15 669
24 16 569
24 17 396
24 18 645
24 19 377
24 20 747
24 21 305
24 22 516
24 23 200
24 25 358
24 26 548
24 27 314
24 28 297
24 29 675
24 30 852
24 31 473
24 32 955
24 33 540
24 34 208
24 35 236
24 36 665
24 37 366
24 38 936
24 39 170
24 40 945
24 41 391
24 42 427
24 43 421
24 44 627
24 45 89
24 46 318
24 47 297
24 48 659
24 49 714
24 50 943
24 51 36
24 52 462
24 53 248
24 54 552
24 55 662
24 56 607
24 57 101
24 58 976
24 59 904
24 60 777
24 61 829
24 62 378
24 63 733
24 64 369
24 65 586
24 66 969
24 67 35
24 68 953
24 69 906
24 70 205
24 71 898
24 72 297
24 73 633
24 74 320
24 75 925
24 76 723
24 77 638
24 78 223
24 79 383
24 80 352
24 81 166
24 82 419
24 83 814
24 84 415
24 85 972
24 86 477
24 87 22
24 88 73
24 89 454
24 90 927
24 91 851
24 92 284
24 93 305
24 94 584
24 95 654
24 96 892
24 97 554
24 98 690
24 99 845
25 0 460
25 1 896
25 2 744
25 3 758
25 4 530
25 5 65
25 6 684
25 7 253
25 8 703
25 9 907
25 10 636
25 11 56
25 12 74
25 13 56
25 14 871
25 15 489
25 16 28
25 17 349
25 18 511
25 19 102
25 20 804
25 21 439
25 22 953
25 23 88
25 24 744
25 26 538
25 27 743
25 28 636
25 29 92
25 30 433
25 31 482
25 32 553
25 33 329
25 34 226
25 35 311
25 36 859
25 37 291
25 38 995
25 39 113
25 40 995
25 41 903
25 42 750
25 43 52
25 44 978
25 45 806
25 46 924
25 47 467
25 48 835
25 49 273
25 50 979
25 51 937
25 52 78
25 53 418
25 54 891
25 55 167
25 56 163
25 57 429
25 58 910
25 59 800
25 60 522
25 61 343
25 62 282
25 63 75
25 64 672
25 65 508
25 66 387
25 67 532
25 68 800
25 69 382
25 70 645
25 71 795
25 72 286
25 73 395
25 74 847
25 75 264
25 76 202
25 77 771
25 78 732
25 79 37
25 80 45
25 81 712
25 82 975
25 83 123
25 84 131
25 85 866
25 86 290
25 87 294
25 88 296
25 89 201
25 90 95
25 91 818
25 92 544
25 93 377
25 94 894
25 95 217
25 96 886
25 97 281
25 98 749
25 99 686
26 0 664
26 1 394
26 2 482
26 3 950
26 4 790
26 5 330
26 6 215
26 7 992
26 8 101
26 9 948
26 10 30
26 11 147
26 12 660
26 13 5
26 14 271
26 15 791
26 16 872
26 17 561
26 18 86
26 19 169
26 20 762
26 21 182
26 22 988
26 23 307
26 24 559
26 25 883
26 27 524
26 28 446
26 29 164
26 30 274
26 31 133
26 32 828
26 33 669
26 34 616
26 35 779
26 36 459
26 37 946
26 38 995
26 39 452
26 40 48
26 41 943
26 42 482
26 43 195
26 44 603
26 45 488
26 46 466
26 47 395
26 48 361
26 49 28
26 50 482
26 51 531
26 52 791
26 53 664
26 54 519
26 55 99
26 56 224
26 57 402
26 58 624
26 59 670
26 60 567
26 61 898
26 62 804
26 63 395
26 64 567
26 65 420
26 66 175
26 67 27
26 68 367
26 69 170
26 70 479
26 71 415
26 72 114
26 73 962
26 74 611
26 75 718
26 76 451
26 77 78
26 78 114
26 79 812
26 80 106
26 81 596
26 82 344
26 83 898
26 84 260
26 85 864
26 86 997
26 87 485
26 88 266
26 89 622
26 90 156
26 91 834
26 92 520
26 93 960
26 94 230
26 95 88
26 96 381
26 97 405
26 98 115
26 99 748
27 0 576
27 1 595
27 2 164
27 3 690
27 4 557
27 5 775
27 6 409
27 7 8
27 8 853
27 9 523
27 10 821
27 11 960
27 12 119
27 13 165
27 14 859
27 15 380
27 16 29
27 17 857
27 18 865
27 19 296
27 20 479
27 21 22
27 22 130
27 23 999
27 24 983
27 25 361
27 26 87
27 28 364
27 29 766
27 30 203
27 31 113
27 32 343
27 33 798
27 34 277
27 35 34
27 36 355
27 37 53
27 38 443
27 39 364
27 40 907
27 41 966
27 42 186
27 43 867
27 44 86
27 45 352
27 46 727
27 47 467
27 48 382
27 49 584
27 50 333
27 51 679
27 52 63
27 53 355
27 54 810
27 55 63
27 56 338
27 57 171
27 58 151
27 59 703
27 60 938
27 61 354
27 62 816
27 63 281
27 64 152
27 65 94
27 66 316
27 67 508
27 68 148
27 69 759
27 70 873
27 71 55
27 72 726
27 73 59
27 74 923
27 75 813
27 76 412
27 77 650
27 78 280
27 79 794
27 80 235
27 81 613
27 82 474
27 83 298
27 84 969
27 85 284
27 86 361
27 87 307
27 88 455
27 89 512
27 90 10
27 91 393
27 92 867
27 93 827
27 94 675
27 95 19
27 96 921
27 97 991
27 98 528
27 99 69
28 0 751
28 1 401
28 2 125
28 3 477
28 4 461
28 5 48
28 6 291
28 7 873
28 8 699
28 9 571
28 10 668
28 11 934
28 12 185
28 13 142
28 14 232
28 15 154
28 16 426
28 17 594
28 18 461
28 19 882
28 20 107
28 21 472
28 22 276
28 23 974
28 24 299
28 25 951
28 26 994
28 27 221
28 29 943
28 30 522
28 31 291
28 32 695
28 33 923
28 34 416
28 35 173
28 36 385
28 37 465
28 38 464
28 39 258
28 40 164
28 41 35
28 42 926
28 43 98
28 44 221
28 45 68
28 46 331
28 47 375
28 48 495
28 49 926
28 50 837
28 51 377
28 52 34
28 53 309
28 54 653
28 55 9
28 56 609
28 57 605
28 58 3
28 59 831
28 60 549
28 61 526
28 62 122
28 63 244
28 64 450
28 65 539
28 66 417
28 67 835
28 68 4
28 69 881
28 70 93
28 71 169
28 72 917
28 73 20
28 74 268
28 75 138
28 76 89
28 77 600
28 78 514
28 79 584
28 80 527
28 81 351
28 82 962
28 83 561
28 84 661
28 85 615
28 86 571
28 87 271
28 88 221
28 89 574
28 90 102
28 91 770
28 92 101
28 93 225
28 94 15
28 95 551
28 96 764
28 97 432
28 98 387
28 99 769
29 0 313
29 1 480
29 2 939
29 3 231
29 4 501
29 5 208
29 6 369
29 7 590
29 8 808
29 9 883
29 10 174
29 11 335
29 12 235
29 13 136
29 14 897
29 15 896
29 16 752
29 17 468
29 18 168
29 19 974
29 20 43
29 21 270
29 22 745
29 23 144
29 24 496
29 25 760
29 26 696
29 27 261
29 28 192
29 30 83
29 31 30
29 32 506
29 33 564
29 34 970
29 35 737
29 36 65
29 37 178
29 38 107
29 39 655
29 40 986
29 41 991
29 42 830
29 43 322
29 44 226
29 45 967
29 46 220
29 47 123
29 48 720
29 49 688
29 50 292
29 51 694
29 52 731
29 53 562
29 54 440
29 55 876
29 56 59
29 57 200
29 58 573
29 59 320
29 60 392
29 61 656
29 62 351
29 63 899
29 64 221
29 65 321
29 66 637
29 67 286
29 68 499
29 69 744
29 70 942
29 71 486
29 72 736
29 73 773
29 74 809
29 75 962
29 76 741
29 77 29
29 78 86
29 79 461
29 80 718
29 81 378
29 82 156
29 83 450
29 84 941
29 85 596
29 86 326
29 87 0
29 88 797
29 89 900
29 90 320
29 91 190
29 92 556
29 93 672
29 94 89
29 95 778
29 96 993
29 97 726
29 98 64
29 99 493
30 0 471
30 1 7
30 2 980
30 3 207
30 4 781
30 5 789
30 6 170
30 7 522
30 8 819
30 9 257
30 10 984
30 11 537
30 12 636
30 13 141
30 14 987
30 15 578
30 16 738
30 17 314
30 18 578
30 19 535
30 20 214
30 21 899
30 22 725
30 23 771
30 24 571
30 25 815
30 26 549
30 27 565
30 28 542
30 29 614
30 31 58
30 32 13
30 33 622
30 34 39
30 35 221
30 36 403
30 37 829
30 38 392
30 39 925
30 40 648
30 41 649
30 42 910
30 43 185
30 44 285
30 45 51
30 46 173
30 47 863
30 48 789
30 49 487
30 50 442
30 51 324
30 52 702
30 53 342
30 54 50
30 55 473
30 56 914
30 57 865
30 58 23
30 59 479
30 60 407
30 61 637
30 62 538
30 63 421
30 64 260
30 65 577
30 66 643
30 67 663
30 68 406
30 69 35
30 70 589
30 71 54
30 72 685
30 73 499
30 74 240
30 75 971
30 76 550
30 77 414
30 78 834
30 79 339
30 80 902
30 81 277
30 82 664
30 83 604
30 84 619
30 85 714
30 86 78
30 87 534
30 88 580
30 89 101
30 90 13
30 91 988
30 92 739
30 93 551
30 94 410
30 95 999
30 96 128
30 97 53
30 98 663
30 99 534
31 0 89
31 1 252
31 2 589
31 3 774
31 4 751
31 5 830
31 6 745
31 7 302
31 8 244
31 9 580
31 10 642
31 11 146
31 12 857
31 13 307
31 14 751
31 15 477
31 16 21
31 17 829
31 18 11
31 19 602
31 20 931
31 21 25
31 22 590
31 23 671
31 24 576
31 25 0
31 26 670
31 27 705
31 28 54
31 29 333
31 30 240
31 32 143
31 33 586
31 34 829
31 35 917
31 36 338
31 37 659
31 38 663
31 39 640
31 40 904
31 41 243
31 42 283
31 43 50
31 44 101
31 45 590
31 46 802
31 47 579
31 48 612
31 49 632
31 50 591
31 51 214
31 52 563
31 53 616
31 54 804
31 55 234
31 56 193
31 57 805
31 58 905
31 59 899
31 60 860
31 61 239
31 62 139
31 63 3
31 64 825
31 65 968
31 66 921
31 67 163
31 68 628
31 69 585
31 70 804
31 71 533
31 72 828
31 73 87
31 74 584
31 75 930
31 76 678
31 77 386
31 78 510
31 79 290
31 80 18
31 81 102
31 82 504
31 83 581
31 84 719
31 85 309
31 86 816
31 87 912
31 88 115
31 89 722
31 90 811
31 91 975
31 92 961
31 93 950
31 94 979
31 95 787
31 96 919
31 97 901
31 98 950
31 99 548
32 0 486
32 1 755
32 2 81
32 3 315
32 4 843
32 5 666
32 6 246
32 7 521
32 8 52
32 9 756
32 10 812
32 11 70
32 12 858
32 13 316
32 14 652
32 15 577
32 16 626
32 17 469
32 18 490
32 19 742
32 20 191
32 21 302
32 22 717
32 23 152
32 24 253
32 25 697
32 26 939
32 27 173
32 28 599
32 29 890
32 30 721
32 31 85
32 33 646
32 34 803
32 35 401
32 36 489
32 37 469
32 38 648
32 39 11
32 40 522
32 41 404
32 42 823
32 43 592
32 44 263
32 45 139
32 46 245
32 47 841
32 48 766
32 49 715
32 50 332
32 51 508
32 52 906
32 53 634
32 54 226
32 55 59
32 56 887
32 57 924
32 58 999
32 59 60
32 60 523
32 61 890
32 62 782
32 63 609
32 64 536
32 65 586
32 66 10
32 67 25
32 68 55
32 69 658
32 70 36
32 71 578
32 72 63
32 73 859
32 74 170
32 75 327
32 76 999
32 77 416
32 78 168
32 79 765
32 80 131
32 81 501
32 82 274
32 83 38
32 84 135
32 85 500
32 86 97
32 87 23
32 88 424
32 89 97
32 90 84
32 91 948
32 92 987
32 93 866
32 94 557
32 95 523
32 96 453
32 97 567
32 98 549
32 99 509
33 0 226
33 1 585
33 2 87
33 3 290
33 4 445
33 5 258
33 6 617
33 7 445
33 8 674
33 9 786
33 10 210
33 11 806
33 12 287
33 13 485
33 14 844
33 15 423
33 16 986
33 17 942
33 18 446
33 19 411
33 20 39
33 21 530
33 22 359
33 23 26
33 24 397
33 25 916
33 26 550
33 27 851
33 28 484
33 29 99
33 30 360
33 31 711
33 32 685
33 34 447
33 35 1
33 36 130
33 37 705
33 38 618
33 39 575
33 40 380
33 41 405
33 42 786
33 43 186
33 44 692
33 45 272
33 46 31
33 47 115
33 48 258
33 49 974
33 50 562
33 51 669
33 52 13
33 53 93
33 54 29
33 55 40
33 56 491
33 57 945
33 58 590
33 59 342
33 60 430
33 61 690
33 62 702
33 63 141
33 64 375
33 65 150
33 66 142
33 67 506
33 68 855
33 69 761
33 70 82
33 71 236
33 72 166
33 73 868
33 74 423
33 75 859
33 76 141
33 77 455
33 78 974
33 79 399
33 80 429
33 81 537
33 82 69
33 83 442
33 84 630
33 85 98
33 86 483
33 87 122
33 88 43
33 89 73
33 90 464
33 91 474
33 92 763
33 93 166
33 94 615
33 95 139
33 96 317
33 97 758
33 98 645
33 99 173
34 0 520
34 1 727
34 2 409
34 3 687
34 4 596
34 5 833
34 6 546
34 7 737
34 8 288
34 9 521
34 10 136
34 11 717
34 12 58
34 13 205
34 14 160
34 15 689
34 16 304
34 17 643
34 18 811
34 19 347
34 20 717
34 21 275
34 22 822
34 23 480
34 24 442
34 25 437
34 26 620
34 27 760
34 28 196
34 29 265
34 30 933
34 31 717
34 32 993
34 33 342
34 35 404
34 36 589
34 37 176
34 38 950
34 39 327
34 40 464
34 41 472
34 42 464
34 43 182
34 44 530
34 45 670
34 46 342
34 47 220
34 48 974
34 49 985
34 50 32
34 51 322
34 52 702
34 53 307
34 54 144
34 55 183
34 56 750
34 57 582
34 58 803
34 59 511
34 60 778
34 61 69
34 62 444
34 63 495
34 64 62
34 65 787
34 66 900
34 67 651
34 68 963
34 69 851
34 70 979
34 71 428
34 72 323
34 73 443
34 74 610
34 75 853
34 76 113
34 77 952
34 78 74
34 79 87
34 80 937
34 81 106
34 82 409
34 83 640
34 84 414
34 85 553
34 86 824
34 87 165
34 88 135
34 89 627
34 90 676
34 91 914
34 92 696
34 93 120
34 94 410
34 95 758
34 96 908
34 97 310
34 98 410
34 99 871
35 0 161
35 1 389
35 2 299
35 3 485
35 4 833
35 5 909
35 6 339
35 7 946
35 8 862
35 9 413
35 10 34
35 11 799
35 12 520
35 13 443
35 14 440
35 15 934
35 16 997
35 17 264
35 18 99
35 19 133
35 20 892
35 21 776
35 22 48
35 23 588
35 24 897
35 25 458
35 26 347
35 27 805
35 28 769
35 29 758
35 30 676
35 31 931
35 32 148
35 33 976
35 34 416
35 36 981
35 37 886
35 38 755
35 39 928
35 40 748
35 41 169
35 42 962
35 43 548
35 44 689
35 45 405
35 46 988
35 47 623
35 48 403
35 49 253
35 50 723
35 51 536
35 52 145
35 53 499
35 54 584
35 55 733
35 56 396
35 57 43
35 58 81
35 59 201
35 60 812
35 61 840
35 62 878
35 63 744
35 64 988
35 65 855
35 66 160
35 67 970
35 68 741
35 69 916
35 70 898
35 71 489
35 72 85
35 73 860
35 74 37
35 75 775
35 76 266
35 77 25
35 78 398
35 79 669
35 80 278
35 81 122
35 82 206
35 83 423
35 84 621
35 85 790
35 86 157
35 87 18
35 88 834
35 89 239
35 90 220
35 91 647
35 92 80
35 93 99
35 94 391
35 95 69
35 96 954
35 97 552
35 98 39
35 99 695
36 0 469
36 1 938
36 2 184
36 3 554
36 4 799
36 5 222
36 6 329
36 7 65
36 8 248
36 9 728
36 10 735
36 11 526
36 12 850
36 13 942
36 14 950
36 15 472
36 16 733
36 17 108
36 18 491
36 19 567
36 20 348
36 21 712
36 22 214
36 23 428
36 24 811
36 25 605
36 26 497
36 27 765
36 28 158
36 29 537
36 30 461
36 31 627
36 32 476
36 33 646
36 34 182
36 35 275
36 37 868
36 38 512
36 39 341
36 40 116
36 41 240
36 42 77
36 43 643
36 44 91
36 45 19
36 46 594
36 47 564
36 48 752
36 49 703
36 50 55
36 51 319
36 52 51
36 53 768
36 54 534
36 55 480
36 56 579
36 57 140
36 58 978
36 59 345
36 60 298
36 61 515
36 62 806
36 63 925
36 64 991
36 65 453
36 66 107
36 67 267
36 68 321
36 69 619
36 70 608
36 71 438
36 72 860
36 73 685
36 74 81
36 75 951
36 76 704
36 77 675
36 78 515
36 79 457
36 80 379
36 81 571
36 82 776
36 83 430
36 84 339
36 85 311
36 86 911
36 87 919
36 88 451
36 89 889
36 90 264
36 91 749
36 92 405
36 93 71
36 94 674
36 95 396
36 96 524
36 97 782
36 98 664
36 99 846
37 0 402
37 1 272
37 2 284
37 3 262
37 4 958
37 5 366
37 6 213
37 7 663
37 8 42
37 9 729
37 10 120
37 11 421
37 12 301
37 13 897
37 14 852
37 15 641
37 16 208
37 17 763
37 18 560
37 19 659
37 20 652
37 21 824
37 22 408
37 23 57
37 24 896
37 25 83
37 26 454
37 27 421
37 28 866
37 29 118
37 30 268
37 31 268
37 32 391
37 33 552
37 34 530
37 35 349
37 36 919
37 38 744
37 39 12
37 40 961
37 41 474
37 42 133
37 43 383
37 44 776
37 45 30
37 46 235
37 47 417
37 48 238
37 49 998
37 50 977
37 51 897
37 52 650
37 53 802
37 54 306
37 55 708
37 56 698
37 57 390
37 58 162
37 59 119
37 60 256
37 61 281
37 62 387
37 63 525
37 64 673
37 65 940
37 66 56
37 67 22
37 68 860
37 69 801
37 70 35
37 71 822
37 72 275
37 73 168
37 74 205
37 75 51
37 76 198
37 77 440
37 78 468
37 79 437
37 80 439
37 81 446
37 82 335
37 83 90
37 84 248
37 85 642
37 86 798
37 87 946
37 88 32
37 89 961
37 90 66
37 91 289
37 92 243
37 93 454
37 94 814
37 95 916
37 96 395
37 97 871
37 98 939
37 99 255
38 0 672
38 1 975
38 2 77
38 3 947
38 4 143
38 5 283
38 6 999
38 7 342
38 8 724
38 9 468
38 10 780
38 11 163
38 12 914
38 13 115
38 14 253
38 15 162
38 16 757
38 17 52
38 18 109
38 19 790
38 20 14
38 21 176
38 22 79
38 23 257
38 24 630
38 25 894
38 26 173
38 27 26
38 28 765
38 29 112
38 30 282
38 31 437
38 32 88
38 33 359
38 34 385
38 35 231
38 36 643
38 37 385
38 39 574
38 40 367
38 41 853
38 42 354
38 43 531
38 44 768
38 45 470
38 46 784
38 47 931
38 48 227
38 49 837
38 50 40
38 51 17
38 52 851
38 53 216
38 54 97
38 55 108
38 56 847
38 57 992
38 58 282
38 59 873
38 60 757
38 61 395
38 62 155
38 63 195
38 64 483
38 65 515
38 66 581
38 67 715
38 68 158
38 69 966
38 70 290
38 71 526
38 72 820
38 73 644
38 74 57
38 75 588
38 76 115
38 77 842
38 78 519
38 79 342
38 80 679
38 81 560
38 82 360
38 83 531
38 84 776
38 85 458
38 86 639
38 87 623
38 88 450
38 89 922
38 90 496
38 91 207
38 92 318
38 93 652
38 94 403
38 95 801
38 96 167
38 97 984
38 98 517
38 99 325
39 0 950
39 1 807
39 2 852
39 3 771
39 4 451
39 5 909
39 6 360
39 7 566
39 8 751
39 9 880
39 10 909
39 11 431
39 12 440
39 13 270
39 14 962
39 15 216
39 16 728
39 17 602
39 18 840
39 19 178
39 20 524
39 21 337
39 22 386
39 23 842
39 24 989
39 25 789
39 26 644
39 27 156
39 28 773
39 29 161
39 30 482
39 31 724
39 32 968
39 33 334
39 34 495
39 35 420
39 36 243
39 37 856
39 38 987
39 40 995
39 41 736
39 42 896
39 43 426
39 44 176
39 45 167
39 46 388
39 47 393
39 48 895
39 49 991
39 50 233
39 51 73
39 52 515
39 53 570
39 54 459
39 55 358
39 56 560
39 57 248
39 58 3
39 59 716
39 60 22
39 61 164
39 62 198
39 63 747
39 64 133
39 65 533
39 66 243
39 67 553
39 68 777
39 69 99
39 70 541
39 71 772
39 72 835
39 73 438
39 74 198
39 75 11
39 76 605
39 77 587
39 78 404
39 79 500
39 80 578
39 81 638
39 82 574
39 83 94
39 84 209
39 85 34
39 86 453
39 87 769
39 88 283
39 89 456
39 90 485
39 91 305
39 92 621
39 93 684
39 94 52
39 95 755
39 96 218
39 97 296
39 98 308
39 99 995
40 0 395
40 1 849
40 2 767
40 3 230
40 4 287
40 5 966
40 6 242
40 7 893
40 8 554
40 9 647
40 10 393
40 11 133
40 12 285
40 13 968
40 14 227
40 15 495
40 16 2
40 17 681
40 18 264
40 19 285
40 20 138
40 21 750
40 22 591
40 23 760
40 24 435
40 25 644
40 26 515
40 27 653
40 28 940
40 29 824
40 30 648
40 31 335
40 32 673
40 33 416
40 34 566
40 35 961
40 36 382
40 37 808
40 38 854
40 39 936
40 41 456
40 42 248
40 43 69
40 44 742
40 45 216
40 46 297
40 47 237
40 48 219
40 49 979
40 50 501
40 51 504
40 52 118
40 53 252
40 54 96
40 55 878
40 56 687
40 57 740
40 58 393
40 59 340
40 60 680
40 61 217
40 62 989
40 63 16
40 64 891
40 65 405
40 66 582
40 67 853
40 68 787
40 69 391
40 70 708
40 71 724
40 72 847
40 73 957
40 74 794
40 75 589
40 76 174
40 77 92
40 78 826
40 79 393
40 80 72
40 81 328
40 82 898
40 83 190
40 84 580
40 85 994
40 86 68
40 87 268
40 88 735
40 89 462
40 90 608
40 91 415
40 92 680
40 93 598
40 94 431
40 95 572
40 96 3
40 97 14
40 98 425
40 99 791
41 0 405
41 1 134
41 2 516
41 3 252
41 4 91
41 5 310
41 6 842
41 7 266
41 8 403
41 9 669
41 10 659
41 11 475
41 12 997
41 13 558
41 14 665
41 15 578
41 16 552
41 17 734
41 18 846
41 19 287
41 20 197
41 21 455
41 22 703
41 23 877
41 24 53
41 25 135
41 26 449
41 27 56
41 28 149
41 29 875
41 30 848
41 31 555
41 32 9
41 33 364
41 34 808
41 35 101
41 36 674
41 37 650
41 38 368
41 39 78
41 40 319
41 42 27
41 43 554
41 44 317
41 45 586
41 46 220
41 47 895
41 48 139
41 49 954
41 50 742
41 51 427
41 52 151
41 53 198
41 54 130
41 55 29
41 56 251
41 57 266
41 58 479
41 59 308
41 60 416
41 61 354
41 62 156
41 63 971
41 64 364
41 65 520
41 66 780
41 67 466
41 68 195
41 69 430
41 70 834
41 71 274
41 72 750
41 73 862
41 74 828
41 75 68
41 76 448
41 77 48
41 78 964
41 79 587
41 80 3
41 81 706
41 82 14
41 83 154
41 84 904
41 85 145
41 86 184
41 87 156
41 88 411
41 89 663
41 90 464
41 91 827
41 92 17
41 93 621
41 94 799
41 95 382
41 96 142
41 97 579
41 98 848
41 99 338
42 0 10
42 1 682
42 2 612
42 3 761
42 4 544
42 5 440
42 6 829
42 7 993
42 8 489
42 9 793
42 10 580
42 11 492
42 12 499
42 13 594
42 14 647
42 15 404
42 16 739
42 17 831
42 18 560
42 19 151
42 20 494
42 21 25
42 22 978
42 23 512
42 24 647
42 25 778
42 26 894
42 27 789
42 28 357
42 29 743
42 30 127
42 31 368
42 32 425
42 33 740
42 34 129
42 35 970
42 36 180
42 37 958
42 38 963
42 39 669
42 40 752
42 41 544
42 43 161
42 44 251
42 45 138
42 46 809
42 47 656
42 48 878
42 49 640
42 50 217
42 51 29
42 52 135
42 53 242
42 54 8
42 55 647
42 56 890
42 57 786
42 58 542
42 59 679
42 60 144
42 61 285
42 62 807
42 63 512
42 64 711
42 65 547
42 66 642
42 67 681
42 68 727
42 69 601
42 70 645
42 71 397
42 72 353
42 73 189
42 74 559
42 75 605
42 76 328
42 77 368
42 78 261
42 79 207
42 80 9
42 81 478
42 82 237
42 83 144
42 84 721
42 85 245
42 86 791
42 87 612
42 88 32
42 89 333
42 90 291
42 91 176
42 92 618
42 93 98
42 94 689
42 95 329
42 96 645
42 97 332
42 98 11
42 99 373
43 0 933
43 1 657
43 2 771
43 3 286
43 4 846
43 5 331
43 6 891
43 7 175
43 8 699
43 9 153
43 10 382
43 11 708
43 12 632
43 13 619
43 14 852
43 15 354
43 16 865
43 17 644
43 18 966
43 19 897
43 20 978
43 21 257
43 22 74
43 23 596
43 24 356
43 25 764
43 26 926
43 27 2
43 28 96
43 29 938
43 30 375
43 31 29
43 32 595
43 33 147
43 34 316
43 35 442
43 36 478
43 37 207
43 38 618
43 39 178
43 40 360
43 41 0
43 42 886
43 44 993
43 45 620
43 46 739
43 47 347
43 48 486
43 49 384
43 50 313
43 51 383
43 52 362
43 53 571
43 54 458
43 55 959
43 56 927
43 57 222
43 58 885
43 59 930
43 60 319
43 61 824
43 62 306
43 63 349
43 64 419
43 65 453
43 66 665
43 67 862
43 68 931
43 69 872
43 70 480
43 71 109
43 72 233
43 73 481
43 74 996
43 75 226
43 76 102
43 77 736
43 78 574
43 79 588
43 80 120
43 81 887
43 82 972
43 83 482
43 84 459
43 85 430
43 86 441
43 87 386
43 88 653
43 89 327
43 90 317
43 91 972
43 92 151
43 93 623
43 94 321
43 95 571
43 96 76
43 97 986
43 98 433
43 99 7
44 0 859
44 1 914
44 2 117
44 3 93
44 4 396
44 5 114
44 6 320
44 7 498
44 8 850
44 9 894
44 10 86
44 11 971
44 12 782
44 13 58
44 14 454
44 15 241
44 16 489
44 17 895
44 18 628
44 19 143
44 20 223
44 21 945
44 22 115
44 23 374
44 24 568
44 25 437
44 26 946
44 27 644
44 28 424
44 29 380
44 30 652
44 31 284
44 32 294
44 33 770
44 34 377
44 35 690
44 36 884
44 37 698
44 38 189
44 39 735
44 40 593
44 41 275
44 42 706
44 43 375
44 45 334
44 46 160
44 47 617
44 48 824
44 49 56
44 50 246
44 51 967
44 52 279
44 53 191
44 54 83
44 55 654
44 56 760
44 57 520
44 58 601
44 59 405
44 60 945
44 61 981
44 62 58
44 63 229
44 64 276
44 65 829
44 66 607
44 67 967
44 68 713
44 69 305
44 70 156
44 71 449
44 72 899
44 73 432
44 74 156
44 75 275
44 76 767
44 77 316
44 78 892
44 79 591
44 80 373
44 81 138
44 82 558
44 83 653
44 84 330
44 85 642
44 86 308
44 87 91
44 88 163
44 89 909
44 90 496
44 91 108
44 92 891
44 93 555
44 94 338
44 95 167
44 96 384
44 97 945
44 98 134
44 99 98
45 0 251
45 1 291
45 2 547
45 3 150
45 4 723
45 5 703
45 6 425
45 7 490
45 8 20
45 9 318
45 10 81
45 11 394
45 12 457
45 13 640
45 14 47
45 15 788
45 16 282
45 17 356
45 18 879
45 19 445
45 20 266
45 21 376
45 22 554
45 23 157
45 24 931
45 25 892
45 26 324
45 27 315
45 28 838
45 29 459
45 30 414
45 31 89
45 32 750
45 33 961
45 34 240
45 35 473
45 36 665
45 37 666
45 38 964
45 39 686
45 40 984
45 41 45
45 42 81
45 43 442
45 44 686
45 46 129
45 47 230
45 48 969
45 49 485
45 50 109
45 51 415
45 52 751
45 53 486
45 54 969
45 55 908
45 56 417
45 57 862
45 58 233
45 59 733
45 60 700
45 61 693
45 62 147
45 63 790
45 64 444
45 65 109
45 66 30
45 67 918
45 68 774
45 69 696
45 70 882
45 71 461
45 72 681
45 73 928
45 74 542
45 75 124
45 76 615
45 77 671
45 78 354
45 79 584
45 80 157
45 81 464
45 82 0
45 83 908
45 84 950
45 85 970
45 86 817
45 87 368
45 88 832
45 89 51
45 90 101
45 91 533
45 92 745
45 93 249
45 94 323
45 95 189
45 96 358
45 97 353
45 98 107
45 99 133
46 0 50
46 1 990
46 2 594
46 3 732
46 4 919
46 5 137
46 6 856
46 7 534
46 8 809
46 9 211
46 10 119
46 11 966
46 12 676
46 13 119
46 14 875
46 15 627
46 16 89
46 17 693
46 18 995
46 19 922
46 20 744
46 21 97
46 22 455
46 23 489
46 24 346
46 25 778
46 26 679
46 27 705
46 28 132
46 29 787
46 30 838
46 31 182
46 32 777
46 33 432
46 34 915
46 35 696
46 36 570
46 37 771
46 38 230
46 39 379
46 40 983
46 41 350
46 42 345
46 43 659
46 44 469
46 45 221
46 47 286
46 48 559
46 49 914
46 50 282
46 51 482
46 52 658
46 53 380
46 54 937
46 55 148
46 56 727
46 57 716
46 58 827
46 59 432
46 60 848
46 61 614
46 62 270
46 63 31
46 64 392
46 65 703
46 66 946
46 67 88
46 68 273
46 69 718
46 70 319
46 71 653
46 72 702
46 73 669
46 74 999
46 75 361
46 76 139
46 77 220
46 78 648
46 79 698
46 80 134
46 81 931
46 82 181
46 83 792
46 84 311
46 85 118
46 86 941
46 87 39
46 88 835
46 89 768
46 90 471
46 91 683
46 92 383
46 93 742
46 94 715
46 95 775
46 96 445
46 97 662
46 98 864
46 99 719
47 0 380
47 1 184
47 2 373
47 3 82
47 4 854
47 5 372
47 6 444
47 7 994
47 8 592
47 9 93
47 10 693
47 11 726
47 12 24
47 13 874
47 14 518
47 15 336
47 16 992
47 17 459
47 18 375
47 19 828
47 20 228
47 21 847
47 22 511
47 23 612
47 24 589
47 25 227
47 26 388
47 27 35
47 28 889
47 29 252
47 30 754
47 31 270
47 32 437
47 33 127
47 34 353
47 35 292
47 36 499
47 37 798
47 38 286
47 39 91
47 40 891
47 41 979
47 42 818
47 43 916
47 44 853
47 45 336
47 46 253
47 48 846
47 49 796
47 50 628
47 51 674
47 52 25
47 53 476
47 54 186
47 55 637
47 56 65
47 57 413
47 58 25
47 59 100
47 60 303
47 61 278
47 62 855
47 63 573
47 64 715
47 65 982
47 66 927
47 67 7
47 68 482
47 69 725
47 70 294
47 71 574
47 72 617
47 73 273
47 74 392
47 75 533
47 76 126
47 77 729
47 78 786
47 79 972
47 80 526
47 81 415
47 82 646
47 83 551
47 84 891
47 85 832
47 86 189
47 87 957
47 88 245
47 89 214
47 90 57
47 91 549
47 92 493
47 93 912
47 94 123
47 95 209
47 96 895
47 97 50
47 98 217
47 99 378
48 0 776
48 1 511
48 2 952
48 3 393
48 4 784
48 5 345
48 6 926
48 7 910
48 8 74
48 9 713
48 10 883
48 11 601
48 12 129
48 13 529
48 14 152
48 15 21
48 16 361
48 17 342
48 18 978
48 19 607
48 20 557
48 21 35
48 22 157
48 23 50
48 24 947
48 25 280
48 26 259
48 27 843
48 28 330
48 29 477
48 30 221
48 31 106
48 32 988
48 33 174
48 34 499
48 35 773
48 36 519
48 37 426
48 38 683
48 39 594
48 40 140
48 41 567
48 42 195
48 43 269
48 44 96
48 45 348
48 46 290
48 47 458
48 49 690
48 50 268
48 51 66
48 52 247
48 53 304
48 54 223
48 55 298
48 56 252
48 57 504
48 58 558
48 59 95
48 60 834
48 61 35
48 62 317
48 63 941
48 64 24
48 65 491
48 66 441
48 67 797
48 68 10
48 69 868
48 70 481
48 71 605
48 72 8
48 73 48
48 74 800
48 75 278
48 76 145
48 77 148
48 78 568
48 79 603
48 80 839
48 81 837
48 82 670
48 83 87
48 84 142
48 85 894
48 86 385
48 87 394
48 88 398
48 89 943
48 90 490
48 91 233
48 92 979
48 93 807
48 94 174
48 95 3
48 96 298
48 97 616
48 98 800
48 99 309
49 0 484
49 1 282
49 2 914
49 3 492
49 4 330
49 5 714
49 6 771
49 7 475
49 8 863
49 9 339
49 10 79
49 11 703
49 12 177
49 13 750
49 14 790
49 15 320
49 16 644
49 17 175
49 18 714
49 19 42
49 20 119
49 21 204
49 22 276
49 23 98
49 24 12
49 25 451
49 26 102
49 27 310
49 28 67
49 29 903
49 30 620
49 31 551
49 32 185
49 33 534
49 34 44
49 35 515
49 36 249
49 37 815
49 38 991
49 39 113
49 40 155
49 41 70
49 42 816
49 43 333
49 44 820
49 45 606
49 46 653
49 47 465
49 48 782
49 50 368
49 51 508
49 52 902
49 53 572
49 54 784
49 55 1
49 56 585
49 57 235
49 58 103
49 59 896
49 60 303
49 61 6
49 62 516
49 63 854
49 64 191
49 65 51
49 66 899
49 67 707
49 68 300
49 69 715
49 70 698
49 71 414
49 72 871
49 73 769
49 74 231
49 75 204
49 76 590
49 77 838
49 78 857
49 79 55
49 80 620
49 81 226
49 82 563
49 83 523
49 84 798
49 85 348
49 86 524
49 87 384
49 88 584
49 89 628
49 90 280
49 91 887
49 92 634
49 93 796
49 94 742
49 95 826
49 96 847
49 97 641
49 98 534
49 99 148
50 0 356
50 1 233
50 2 563
50 3 227
50 4 2
50 5 794
50 6 432
50 7 593
50 8 632
50 9 290
50 10 648
50 11 253
50 12 516
50 13 212
50 14 776
50 15 315
50 16 561
50 17 300
50 18 699
50 19 145
50 20 929
50 21 979
50 22 32
50 23 563
50 24 776
50 25 774
50 26 390
50 27 623
50 28 415
50 29 925
50 30 772
50 31 772
50 32 158
50 33 335
50 34 0
50 35 161
50 36 130
50 37 433
50 38 754
50 39 762
50 40 723
50 41 403
50 42 15
50 43 240
50 44 616
50 45 792
50 46 555
50 47 177
50 48 93
50 49 255
50 51 322
50 52 22
50 53 234
50 54 354
50 55 586
50 56 10
50 57 129
50 58 976
50 59 634
50 60 545
50 61 901
50 62 407
50 63 318
50 64 59
50 65 742
50 66 318
50 67 220
50 68 872
50 69 752
50 70 975
50 71 635
50 72 475
50 73 378
50 74 651
50 75 716
50 76 994
50 77 443
50 78 271
50 79 171
50 80 536
50 81 527
50 82 493
50 83 558
50 84 761
50 85 848
50 86 144
50 87 772
50 88 977
50 89 121
50 90 407
50 91 522
50 92 23
50 93 814
50 94 840
50 95 82
50 96 557
50 97 159
50 98 303
50 99 430
51 0 912
51 1 279
51 2 66
51 3 388
51 4 657
51 5 717
51 6 104
51 7 651
51 8 160
51 9 376
51 10 823
51 11 696
51 12 903
51 13 317
51 14 255
51 15 665
51 16 166
51 17 400
51 18 438
51 19 143
51 20 521
51 21 845
51 22 666
51 23 544
51 24 660
51 25 507
51 26 627
51 27 218
51 28 667
51 29 931
51 30 649
51 31 579
51 32 210
51 33 715
51 34 967
51 35 867
51 36 432
51 37 72
51 38 519
51 39 592
51 40 448
51 41 342
51 42 289
51 43 351
51 44 660
51 45 544
51 46 17
51 47 826
51 48 944
51 49 455
51 50 969
51 52 466
51 53 301
51 54 636
51 55 10
51 56 962
51 57 144
51 58 637
51 59 180
51 60 812
51 61 569
51 62 829
51 63 392
51 64 779
51 65 544
51 66 359
51 67 646
51 68 976
51 69 432
51 70 166
51 71 569
51 72 880
51 73 508
51 74 858
51 75 232
51 76 168
51 77 403
51 78 250
51 79 994
51 80 348
51 81 705
51 82 964
51 83 814
51 84 7
51 85 601
51 86 825
51 87 969
51 88 746
51 89 462
51 90 149
51 91 558
51 92 32
51 93 979
51 94 950
51 95 811
51 96 524
51 97 310
51 98 457
51 99 500
52 0 742
52 1 624
52 2 70
52 3 623
52 4 132
52 5 928
52 6 855
52 7 301
52 8 332
52 9 105
52 10 296
52 11 680
52 12 811
52 13 261
52 14 495
52 15 818
52 16 863
52 17 320
52 18 788
52 19 609
52 20 783
52 21 937
52 22 167
52 23 815
52 24 917
52 25 117
52 26 626
52 27 441
52 28 428
52 29 84
52 30 942
52 31 170
52 32 708
52 33 12
52 34 793
52 35 841
52 36 941
52 37 649
52 38 143
52 39 273
52 40 755
52 41 439
52 42 954
52 43 567
52 44 701
52 45 449
52 46 385
52 47 564
52 48 769
52 49 173
52 50 173
52 51 552
52 53 111
52 54 340
52 55 368
52 56 29
52 57 458
52 58 994
52 59 470
52 60 886
52 61 78
52 62 412
52 63 57
52 64 787
52 65 425
52 66 851
52 67 628
52 68 366
52 69 501
52 70 771
52 71 640
52 72 256
52 73 211
52 74 594
52 75 823
52 76 912
52 77 44
52 78 209
52 79 476
52 80 813
52 81 383
52 82 649
52 83 366
52 84 495
52 85 990
52 86 734
52 87 524
52 88 449
52 89 728
52 90 994
52 91 336
52 92 807
52 93 407
52 94 393
52 95 595
52 96 833
52 97 245
52 98 223
52 99 200
53 0 746
53 1 995
53 2 840
53 3 2
53 4 206
53 5 435
53 6 826
53 7 118
53 8 479
53 9 35
53 10 595
53 11 293
53 12 419
53 13 244
53 14 659
53 15 914
53 16 235
53 17 394
53 18 438
53 19 684
53 20 123
53 21 433
53 22 21
53 23 930
53 24 841
53 25 415
53 26 525
53 27 674
53 28 660
53 29 749
53 30 874
53 31 406
53 32 744
53 33 715
53 34 409
53 35 951
53 36 150
53 37 236
53 38 70
53 39 629
53 40 272
53 41 665
53 42 922
53 43 691
53 44 910
53 45 582
53 46 605
53 47 145
53 48 976
53 49 43
53 50 830
53 51 99
53 52 477
53 54 852
53 55 30
53 56 318
53 57 267
53 58 556
53 59 993
53 60 927
53 61 306
53 62 867
53 63 334
53 64 50
53 65 583
53 66 744
53 67 2
53 68 733
53 69 980
53 70 72
53 71 363
53 72 252
53 73 738
53 74 286
53 75 944
53 76 648
53 77 868
53 78 549
53 79 794
53 80 845
53 81 593
53 82 625
53 83 944
53 84 71
53 85 477
53 86 975
53 87 389
53 88 744
53 89 531
53 90 382
53 91 672
53 92 837
53 93 250
53 94 7
53 95 888
53 96 833
53 97 751
53 98 891
53 99 567
54 0 732
54 1 963
54 2 930
54 3 985
54 4 701
54 5 217
54 6 929
54 7 350
54 8 86
54 9 479
54 10 145
54 11 931
54 12 73
54 13 770
54 14 876
54 15 144
54 16 248
54 17 851
54 18 534
54 19 992
54 20 383
54 21 916
54 22 665
54 23 220
54 24 167
54 25 672
54 26 109
54 27 1
54 28 423
54 29 0
54 30 568
54 31 155
54 32 964
54 33 499
54 34 141
54 35 666
54 36 716
54 37 70
54 38 16
54 39 802
54 40 549
54 41 162
54 42 733
54 43 623
54 44 932
54 45 610
54 46 767
54 47 180
54 48 461
54 49 301
54 50 173
54 51 844
54 52 218
54 53 839
54 55 65
54 56 386
54 57 511
54 58 174
54 59 387
54 60 935
54 61 175
54 62 955
54 63 91
54 64 139
54 65 455
54 66 232
54 67 806
54 68 172
54 69 302
54 70 822
54 71 974
54 72 852
54 73 985
54 74 708
54 75 475
54 76 917
54 77 318
54 78 243
54 79 98
54 80 780
54 81 545
54 82 272
54 83 624
54 84 763
54 85 111
54 86 689
54 87 149
54 88 623
54 89 864
54 90 536
54 91 558
54 92 39
54 93 492
54 94 649
54 95 179
54 96 948
54 97 882
54 98 985
54 99 120
55 0 185
55 1 808
55 2 95
55 3 37
55 4 793
55 5 804
55 6 513
55 7 711
55 8 122
55 9 757
55 10 809
55 11 903
55 12 302
55 13 82
55 14 527
55 15 65
55 16 194
55 17 217
55 18 215
55 19 817
55 20 81
55 21 752
55 22 376
55 23 121
55 24 244
55 25 26
55 26 300
55 27 193
55 28 908
55 29 285
55 30 313
55 31 93
55 32 93
55 33 408
55 34 131
55 35 886
55 36 212
55 37 644
55 38 598
55 39 335
55 40 402
55 41 407
55 42 238
55 43 704
55 44 490
55 45 766
55 46 769
55 47 684
55 48 983
55 49 984
55 50 501
55 51 65
55 52 737
55 53 878
55 54 186
55 56 982
55 57 904
55 58 487
55 59 175
55 60 812
55 61 772
55 62 488
55 63 905
55 64 866
55 65 897
55 66 37
55 67 753
55 68 110
55 69 682
55 70 351
55 71 446
55 72 84
55 73 759
55 74 684
55 75 788
55 76 249
55 77 451
55 78 558
55 79 933
55 80 434
55 81 542
55 82 435
55 83 500
55 84 280
55 85 313
55 86 686
55 87 262
55 88 218
55 89 174
55 90 437
55 91 30
55 92 946
55 93 926
55 94 936
55 95 813
55 96 823
55 97 973
55 98 566
55 99 934
56 0 655
56 1 918
56 2 380
56 3 740
56 4 677
56 5 65
56 6 528
56 7 927
56 8 516
56 9 86
56 10 861
56 11 950
56 12 629
56 13 297
56 14 451
56 15 909
56 16 610
56 17 138
56 18 171
56 19 829
56 20 312
56 21 608
56 22 859
56 23 259
56 24 534
56 25 796
56 26 72
56 27 358
56 28 770
56 29 639
56 30 293
56 31 425
56 32 557
56 33 673
56 34 165
56 35 235
56 36 738
56 37 694
56 38 163
56 39 254
56 40 780
56 41 24
56 42 205
56 43 409
56 44 321
56 45 656
56 46 319
56 47 932
56 48 794
56 49 490
56 50 761
56 51 106
56 52 99
56 53 621
56 54 365
56 55 634
56 57 417
56 58 438
56 59 993
56 60 187
56 61 77
56 62 286
56 63 613
56 64 635
56 65 959
56 66 779
56 67 871
56 68 697
56 69 473
56 70 34
56 71 952
56 72 253
56 73 58
56 74 157
56 75 663
56 76 379
56 77 814
56 78 983
56 79 312
56 80 609
56 81 473
56 82 73
56 83 716
56 84 573
56 85 694
56 86 82
56 87 207
56 88 111
56 89 520
56 90 200
56 91 299
56 92 598
56 93 487
56 94 912
56 95 233
56 96 446
56 97 691
56 98 104
56 99 144
57 0 164
57 1 138
57 2 96
57 3 418
57 4 197
57 5 254
57 6 82
57 7 577
57 8 69
57 9 65
57 10 889
57 11 678
57 12 539
57 13 962
57 14 394
57 15 112
57 16 657
57 17 476
57 18 320
57 19 769
57 20 997
57 21 520
57 22 68
57 23 595
57 24 7
57 25 980
57 26 829
57 27 454
57 28 672
57 29 933
57 30 598
57 31 837
57 32 72
57 33 695
57 34 256
57 35 270
57 36 950
57 37 338
57 38 847
57 39 19
57 40 404
57 41 736
57 42 697
57 43 943
57 44 699
57 45 92
57 46 56
57 47 356
57 48 568
57 49 376
57 50 126
57 51 565
57 52 897
57 53 194
57 54 161
57 55 905
57 56 175
57 58 990
57 59 360
57 60 847
57 61 924
57 62 959
57 63 684
57 64 996
57 65 654
57 66 941
57 67 267
57 68 605
57 69 279
57 70 114
57 71 624
57 72 684
57 73 850
57 74 321
57 75 627
57 76 550
57 77 413
57 78 684
57 79 907
57 80 982
57 81 60
57 82 33
57 83 548
57 84 958
57 85 227
57 86 709
57 87 864
57 88 403
57 89 699
57 90 224
57 91 250
57 92 624
57 93 183
57 94 935
57 95 620
57 96 837
57 97 876
57 98 887
57 99 442
58 0 156
58 1 2
58 2 67
58 3 840
58 4 853
58 5 389
58 6 468
58 7 403
58 8 803
58 9 153
58 10 310
58 11 785
58 12 214
58 13 344
58 14 334
58 15 172
58 16 571
58 17 43
58 18 36
58 19 974
58 20 743
58 21 260
58 22 225
58 23 367
58 24 444
58 25 161
58 26 988
58 27 281
58 28 38
58 29 876
58 30 724
58 31 195
58 32 878
58 33 792
58 34 35
58 35 731
58 36 181
58 37 504
58 38 135
58 39 984
58 40 657
58 41 446
58 42 770
58 43 871
58 44 790
58 45 104
58 46 44
58 47 362
58 48 148
58 49 81
58 50 337
58 51 891
58 52 342
58 53 562
58 54 259
58 55 786
58 56 724
58 57 248
58 59 68
58 60 762
58 61 124
58 62 792
58 63 957
58 64 3
58 65 585
58 66 993
58 67 735
58 68 766
58 69 498
58 70 871
58 71 750
58 72 156
58 73 317
58 74 521
58 75 28
58 76 108
58 77 625
58 78 72
58 79 470
58 80 773
58 81 153
58 82 807
58 83 665
58 84 496
58 85 370
58 86 925
58 87 282
58 88 95
58 89 173
58 90 350
58 91 858
58 92 298
58 93 143
58 94 816
58 95 302
58 96 728
58 97 809
58 98 38
58 99 494
59 0 308
59 1 909
59 2 245
59 3 464
59 4 227
59 5 766
59 6 492
59 7 335
59 8 392
59 9 564
59 10 805
59 11 165
59 12 718
59 13 613
59 14 831
59 15 214
59 16 983
59 17 757
59 18 497
59 19 79
59 20 931
59 21 847
59 22 937
59 23 230
59 24 990
59 25 753
59 26 532
59 27 718
59 28 562
59 29 570
59 30 213
59 31 870
59 32 480
59 33 458
59 34 335
59 35 707
59 36 225
59 37 827
59 38 42
59 39 617
59 40 392
59 41 848
59 42 783
59 43 111
59 44 461
59 45 615
59 46 326
59 47 445
59 48 372
59 49 823
59 50 524
59 51 303
59 52 670
59 53 461
59 54 533
59 55 661
59 56 214
59 57 66
59 58 379
59 60 777
59 61 637
59 62 593
59 63 648
59 64 117
59 65 51
59 66 983
59 67 825
59 68 277
59 69 810
59 70 867
59 71 894
59 72 203
59 73 715
59 74 678
59 75 314
59 76 177
59 77 293
59 78 641
59 79 622
59 80 666
59 81 464
59 82 146
59 83 969
59 84 135
59 85 607
59 86 503
59 87 797
59 88 822
59 89 569
59 90 176
59 91 599
59 92 207
59 93 770
59 94 247
59 95 324
59 96 821
59 97 231
59 98 150
59 99 99
60 0 42
60 1 17
60 2 994
60 3 245
60 4 733
60 5 672
60 6 560
60 7 910
60 8 965
60 9 201
60 10 533
60 11 631
60 12 666
60 13 679
60 14 601
60 15 802
60 16 287
60 17 105
60 18 599
60 19 110
60 20 674
60 21 776
60 22 709
60 23 882
60 24 546
60 25 957
60 26 206
60 27 368
60 28 188
60 29 356
60 30 467
60 31 230
60 32 374
60 33 461
60 34 476
60 35 108
60 36 133
60 37 36
60 38 19
60 39 99
60 40 238
60 41 552
60 42 731
60 43 904
60 44 232
60 45 333
60 46 707
60 47 520
60 48 438
60 49 306
60 50 630
60 51 113
60 52 82
60 53 340
60 54 995
60 55 629
60 56 297
60 57 202
60 58 997
60 59 485
60 61 559
60 62 465
60 63 716
60 64 934
60 65 926
60 66 192
60 67 42
60 68 60
60 69 229
60 70 62
60 71 160
60 72 467
60 73 614
60 74 892
60 75 372
60 76 847
60 77 225
60 78 79
60 79 367
60 80 664
60 81 385
60 82 998
60 83 777
60 84 468
60 85 338
60 86 773
60 87 97
60 88 635
60 89 975
60 90 94
60 91 121
60 92 535
60 93 559
60 94 838
60 95 469
60 96 486
60 97 30
60 98 511
60 99 546
61 0 259
61 1 573
61 2 707
61 3 727
61 4 188
61 5 599
61 6 99
61 7 35
61 8 825
61 9 178
61 10 403
61 11 489
61 12 563
61 13 402
61 14 267
61 15 32
61 16 740
61 17 40
61 18 129
61 19 376
61 20 16
61 21 224
61 22 498
61 23 551
61 24 784
61 25 336
61 26 20
61 27 270
61 28 367
61 29 532
61 30 817
61 31 626
61 32 105
61 33 524
61 34 353
61 35 294
61 36 124
61 37 453
61 38 330
61 39 949
61 40 631
61 41 733
61 42 438
61 43 195
61 44 136
61 45 706
61 46 227
61 47 876
61 48 746
61 49 356
61 50 253
61 51 762
61 52 580
61 53 751
61 54 314
61 55 365
61 56 88
61 57 334
61 58 635
61 59 455
61 60 866
61 62 453
61 63 82
61 64 972
61 65 977
61 66 436
61 67 266
61 68 101
61 69 889
61 70 596
61 71 51
61 72 520
61 73 330
61 74 489
61 75 716
61 76 466
61 77 196
61 78 943
61 79 343
61 80 942
61 81 300
61 82 597
61 83 705
61 84 881
61 85 349
61 86 19
61 87 246
61 88 437
61 89 354
61 90 881
61 91 893
61 92 221
61 93 335
61 94 975
61 95 193
61 96 312
61 97 411
61 98 460
61 99 414
62 0 301
62 1 56
62 2 466
62 3 822
62 4 387
62 5 956
62 6 538
62 7 854
62 8 152
62 9 481
62 10 198
62 11 94
62 12 781
62 13 796
62 14 800
62 15 662
62 16 145
62 17 820
62 18 908
62 19 583
62 20 174
62 21 790
62 22 476
62 23 395
62 24 126
62 25 451
62 26 589
62 27 438
62 28 863
62 29 49
62 30 853
62 31 164
62 32 106
62 33 319
62 34 986
62 35 493
62 36 275
62 37 524
62 38 348
62 39 428
62 40 6
62 41 547
62 42 522
62 43 787
62 44 343
62 45 323
62 46 450
62 47 488
62 48 143
62 49 359
62 50 71
62 51 318
62 52 150
62 53 547
62 54 714
62 55 276
62 56 998
62 57 303
62 58 715
62 59 862
62 60 353
62 61 569
62 63 26
62 64 459
62 65 889
62 66 12
62 67 953
62 68 165
62 69 537
62 70 301
62 71 593
62 72 543
62 73 849
62 74 116
62 75 331
62 76 192
62 77 439
62 78 782
62 79 680
62 80 582
62 81 142
62 82 751
62 83 901
62 84 293
62 85 299
62 86 615
62 87 569
62 88 298
62 89 919
62 90 285
62 91 160
62 92 272
62 93 855
62 94 186
62 95 731
62 96 744
62 97 199
62 98 685
62 99 909
63 0 737
63 1 987
63 2 503
63 3 281
63 4 836
63 5 619
63 6 613
63 7 28
63 8 58
63 9 396
63 10 708
63 11 641
63 12 538
63 13 460
63 14 543
63 15 831
63 16 759
63 17 158
63 18 401
63 19 58
63 20 77
63 21 687
63 22 218
63 23 349
63 24 542
63 25 405
63 26 81
63 27 286
63 28 605
63 29 766
63 30 196
63 31 343
63 32 753
63 33 699
63 34 624
63 35 589
63 36 319
63 37 238
63 38 618
63 39 377
63 40 634
63 41 326
63 42 19
63 43 173
63 44 787
63 45 562
63 46 5
63 47 547
63 48 721
63 49 406
63 50 605
63 51 798
63 52 94
63 53 824
63 54 148
63 55 636
63 56 230
63 57 229
63 58 923
63 59 835
63 60 996
63 61 120
63 62 179
63 64 750
63 65 820
63 66 803
63 67 340
63 68 139
63 69 42
63 70 958
63 71 517
63 72 676
63 73 285
63 74 536
63 75 849
63 76 72
63 77 99
63 78 854
63 79 620
63 80 820
63 81 261
63 82 225
63 83 619
63 84 355
63 85 50
63 86 767
63 87 992
63 88 280
63 89 997
63 90 916
63 91 116
63 92 993
63 93 36
63 94 295
63 95 744
63 96 856
63 97 99
63 98 84
63 99 995
64 0 141
64 1 42
64 2 512
64 3 817
64 4 328
64 5 49
64 6 667
64 7 401
64 8 148
64 9 522
64 10 21
64 11 969
64 12 783
64 13 246
64 14 588
64 15 139
64 16 297
64 17 355
64 18 132
64 19 577
64 20 352
64 21 48
64 22 693
64 23 346
64 24 85
64 25 988
64 26 91
64 27 941
64 28 87
64 29 175
64 30 937
64 31 229
64 32 218
64 33 450
64 34 47
64 35 546
64 36 499
64 37 714
64 38 947
64 39 648
64 40 236
64 41 969
64 42 617
64 43 20
64 44 215
64 45 205
64 46 160
64 47 513
64 48 561
64 49 292
64 50 90
64 51 914
64 52 341
64 53 784
64 54 261
64 55 426
64 56 772
64 57 352
64 58 368
64 59 860
64 60 527
64 61 305
64 62 90
64 63 746
64 65 756
64 66 137
64 67 293
64 68 256
64 69 851
64 70 240
64 71 904
64 72 88
64 73 209
64 74 522
64 75 109
64 76 425
64 77 728
64 78 269
64 79 939
64 80 289
64 81 562
64 82 29
64 83 203
64 84 903
64 85 813
64 86 464
64 87 329
64 88 586
64 89 817
64 90 698
64 91 447
64 92 344
64 93 3
64 94 537
64 95 91
64 96 760
64 97 674
64 98 384
64 99 16
65 0 526
65 1 625
65 2 921
65 3 615
65 4 835
65 5 443
65 6 724
65 7 261
65 8 172
65 9 993
65 10 200
65 11 461
65 12 556
65 13 229
65 14 665
65 15 459
65 16 43
65 17 130
65 18 789
65 19 630
65 20 947
65 21 487
65 22 77
65 23 292
65 24 491
65 25 615
65 26 383
65 27 252
65 28 290
65 29 767
65 30 268
65 31 817
65 32 393
65 33 190
65 34 432
65 35 228
65 36 634
65 37 156
65 38 489
65 39 806
65 40 150
65 41 689
65 42 267
65 43 706
65 44 919
65 45 932
65 46 166
65 47 963
65 48 62
65 49 956
65 50 593
65 51 10
65 52 444
65 53 671
65 54 302
65 55 936
65 56 287
65 57 685
65 58 188
65 59 577
65 60 453
65 61 457
65 62 394
65 63 846
65 64 647
65 66 826
65 67 74
65 68 281
65 69 983
65 70 564
65 71 87
65 72 133
65 73 254
65 74 355
65 75 840
65 76 174
65 77 288
65 78 6
65 79 137
65 80 351
65 81 962
65 82 731
65 83 361
65 84 407
65 85 402
65 86 663
65 87 343
65 88 689
65 89 349
65 90 531
65 91 267
65 92 802
65 93 989
65 94 662
65 95 649
65 96 636
65 97 489
65 98 724
65 99 918
66 0 472
66 1 288
66 2 6
66 3 606
66 4 543
66 5 361
66 6 446
66 7 717
66 8 649
66 9 453
66 10 854
66 11 1
66 12 416
66 13 585
66 14 362
66 15 823
66 16 988
66 17 25
66 18 166
66 19 678
66 20 374
66 21 698
66 22 945
66 23 177
66 24 687
66 25 608
66 26 826
66 27 324
66 28 97
66 29 551
66 30 242
66 31 570
66 32 839
66 33 248
66 34 177
66 35 382
66 36 610
66 37 623
66 38 100
66 39 259
66 40 77
66 41 954
66 42 260
66 43 493
66 44 540
66 45 623
66 46 316
66 47 528
66 48 649
66 49 483
66 50 206
66 51 24
66 52 181
66 53 152
66 54 201
66 55 869
66 56 760
66 57 28
66 58 193
66 59 858
66 60 579
66 61 435
66 62 429
66 63 419
66 64 684
66 65 606
66 67 802
66 68 294
66 69 230
66 70 902
66 71 554
66 72 307
66 73 857
66 74 814
66 75 801
66 76 397
66 77 438
66 78 118
66 79 926
66 80 87
66 81 601
66 82 133
66 83 111
66 84 783
66 85 285
66 86 313
66 87 652
66 88 46
66 89 341
66 90 846
66 91 905
66 92 921
66 93 281
66 94 334
66 95 340
66 96 965
66 97 940
66 98 143
66 99 259
67 0 171
67 1 46
67 2 813
67 3 479
67 4 903
67 5 628
67 6 280
67 7 301
67 8 67
67 9 398
67 10 227
67 11 154
67 12 0
67 13 360
67 14 265
67 15 784
67 16 646
67 17 578
67 18 436
67 19 692
67 20 920
67 21 283
67 22 597
67 23 842
67 24 564
67 25 932
67 26 182
67 27 530
67 28 873
67 29 326
67 30 790
67 31 44
67 32 372
67 33 604
67 34 523
67 35 276
67 36 233
67 37 804
67 38 577
67 39 300
67 40 203
67 41 805
67 42 454
67 43 203
67 44 166
67 45 720
67 46 987
67 47 812
67 48 299
67 49 424
67 50 505
67 51 220
67 52 707
67 53 103
67 54 62
67 55 272
67 56 35
67 57 244
67 58 803
67 59 908
67 60 571
67 61 593
67 62 953
67 63 943
67 64 197
67 65 477
67 66 219
67 68 430
67 69 281
67 70 797
67 71 730
67 72 485
67 73 602
67 74 185
67 75 689
67 76 768
67 77 906
67 78 676
67 79 581
67 80 205
67 81 101
67 82 86
67 83 425
67 84 809
67 85 190
67 86 487
67 87 82
67 88 225
67 89 732
67 90 885
67 91 134
67 92 303
67 93 479
67 94 87
67 95 247
67 96 677
67 97 564
67 98 467
67 99 108
68 0 846
68 1 264
68 2 839
68 3 331
68 4 867
68 5 24
68 6 20
68 7 635
68 8 930
68 9 697
68 10 217
68 11 136
68 12 799
68 13 304
68 14 561
68 15 609
68 16 494
68 17 49
68 18 692
68 19 720
68 20 781
68 21 578
68 22 854
68 23 85
68 24 57
68 25 942
68 26 333
68 27 734
68 28 507
68 29 800
68 30 842
68 31 353
68 32 64
68 33 681
68 34 685
68 35 931
68 36 706
68 37 706
68 38 567
68 39 637
68 40 404
68 41 785
68 42 773
68 43 204
68 44 89
68 45 334
68 46 814
68 47 584
68 48 384
68 49 506
68 50 304
68 51 165
68 52 84
68 53 159
68 54 251
68 55 142
68 56 101
68 57 584
68 58 877
68 59 608
68 60 384
68 61 720
68 62 962
68 63 449
68 64 402
68 65 648
68 66 381
68 67 108
68 69 355
68 70 949
68 71 745
68 72 760
68 73 735
68 74 519
68 75 964
68 76 824
68 77 854
68 78 779
68 79 409
68 80 238
68 81 286
68 82 714
68 83 403
68 84 371
68 85 873
68 86 655
68 87 513
68 88 975
68 89 239
68 90 390
68 91 583
68 92 624
68 93 111
68 94 546
68 95 74
68 96 513
68 97 194
68 98 455
68 99 621
69 0 549
69 1 405
69 2 367
69 3 309
69 4 140
69 5 886
69 6 274
69 7 965
69 8 740
69 9 54
69 10 374
69 11 978
69 12 340
69 13 89
69 14 382
69 15 711
69 16 962
69 17 38
69 18 224
69 19 937
69 20 277
69 21 615
69 22 521
69 23 902
69 24 726
69 25 67
69 26 976
69 27 240
69 28 262
69 29 432
69 30 861
69 31 812
69 32 837
69 33 229
69 34 122
69 35 978
69 36 116
69 37 396
69 38 943
69 39 857
69 40 451
69 41 318
69 42 836
69 43 791
69 44 408
69 45 219
69 46 502
69 47 370
69 48 257
69 49 727
69 50 308
69 51 535
69 52 343
69 53 830
69 54 437
69 55 70
69 56 897
69 57 414
69 58 310
69 59 160
69 60 846
69 61 172
69 62 972
69 63 684
69 64 401
69 65 94
69 66 662
69 67 518
69 68 491
69 70 606
69 71 375
69 72 942
69 73 925
69 74 211
69 75 733
69 76 333
69 77 431
69 78 236
69 79 704
69 80 688
69 81 963
69 82 13
69 83 223
69 84 306
69 85 843
69 86 661
69 87 376
69 88 741
69 89 75
69 90 687
69 91 901
69 92 921
69 93 859
69 94 873
69 95 605
69 96 261
69 97 967
69 98 268
69 99 779
70 0 459
70 1 874
70 2 155
70 3 401
70 4 800
70 5 367
70 6 134
70 7 133
70 8 798
70 9 370
70 10 837
70 11 486
70 12 334
70 13 850
70 14 710
70 15 641
70 16 693
70 17 371
70 18 18
70 19 435
70 20 446
70 21 705
70 22 336
70 23 368
70 24 564
70 25 210
70 26 973
70 27 826
70 28 178
70 29 242
70 30 605
70 31 637
70 32 117
70 33 760
70 34 38
70 35 917
70 36 127
70 37 173
70 38 50
70 39 925
70 40 544
70 41 888
70 42 412
70 43 878
70 44 738
70 45 122
70 46 520
70 47 432
70 48 493
70 49 538
70 50 867
70 51 940
70 52 244
70 53 204
70 54 308
70 55 808
70 56 414
70 57 282
70 58 635
70 59 592
70 60 524
70 61 240
70 62 229
70 63 641
70 64 1
70 65 268
70 66 558
70 67 129
70 68 441
70 69 609
70 71 54
70 72 985
70 73 497
70 74 467
70 75 864
70 76 235
70 77 589
70 78 384
70 79 668
70 80 83
70 81 923
70 82 536
70 83 24
70 84 167
70 85 741
70 86 332
70 87 976
70 88 155
70 89 614
70 90 611
70 91 748
70 92 139
70 93 852
70 94 978
70 95 780
70 96 853
70 97 246
70 98 339
70 99 982
71 0 688
71 1 948
71 2 37
71 3 673
71 4 445
71 5 504
71 6 538
71 7 681
71 8 94
71 9 923
71 10 350
71 11 178
71 12 846
71 13 887
71 14 202
71 15 13
71 16 628
71 17 535
71 18 989
71 19 784
71 20 150
71 21 601
71 22 532
71 23 289
71 24 453
71 25 511
71 26 70
71 27 306
71 28 757
71 29 410
71 30 289
71 31 446
71 32 358
71 33 326
71 34 120
71 35 804
71 36 831
71 37 658
71 38 486
71 39 926
71 40 581
71 41 837
71 42 105
71 43 427
71 44 724
71 45 308
71 46 441
71 47 352
71 48 843
71 49 431
71 50 136
71 51 993
71 52 32
71 53 669
71 54 282
71 55 485
71 56 180
71 57 353
71 58 792
71 59 938
71 60 763
71 61 81
71 62 384
71 63 122
71 64 408
71 65 504
71 66 926
71 67 239
71 68 163
71 69 413
71 70 166
71 72 744
71 73 250
71 74 271
71 75 172
71 76 974
71 77 579
71 78 614
71 79 327
71 80 423
71 81 45
71 82 463
71 83 416
71 84 77
71 85 132
71 86 699
71 87 563
71 88 312
71 89 53
71 90 355
71 91 250
71 92 816
71 93 436
71 94 634
71 95 938
71 96 844
71 97 139
71 98 865
71 99 84
72 0 302
72 1 278
72 2 251
72 3 47
72 4 529
72 5 523
72 6 219
72 7 504
72 8 103
72 9 833
72 10 831
72 11 526
72 12 879
72 13 294
72 14 943
72 15 956
72 16 427
72 17 643
72 18 519
72 19 740
72 20 696
72 21 875
72 22 990
72 23 512
72 24 312
72 25 625
72 26 451
72 27 156
72 28 765
72 29 317
72 30 241
72 31 67
72 32 596
72 33 492
72 34 114
72 35 125
72 36 15
72 37 334
72 38 629
72 39 118
72 40 168
72 41 461
72 42 645
72 43 47
72 44 755
72 45 588
72 46 4
72 47 183
72 48 231
72 49 524
72 50 923
72 51 928
72 52 399
72 53 914
72 54 440
72 55 711
72 56 539
72 57 892
72 58 868
72 59 304
72 60 209
72 61 110
72 62 372
72 63 805
72 64 602
72 65 486
72 66 931
72 67 618
72 68 821
72 69 560
72 70 737
72 71 989
72 73 21
72 74 383
72 75 37
72 76 777
72 77 971
72 78 41
72 79 961
72 80 203
72 81 565
72 82 884
72 83 131
72 84 965
72 85 798
72 86 572
72 87 676
72 88 338
72 89 465
72 90 545
72 91 642
72 92 674
72 93 655
72 94 15
72 95 480
72 96 258
72 97 502
72 98 411
72 99 877
73 0 323
73 1 972
73 2 615
73 3 313
73 4 994
73 5 998
73 6 350
73 7 772
73 8 969
73 9 391
73 10 733
73 11 173
73 12 957
73 13 617
73 14 305
73 15 922
73 16 416
73 17 877
73 18 599
73 19 754
73 20 342
73 21 145
73 22 397
73 23 17
73 24 801
73 25 412
73 26 497
73 27 59
73 28 914
73 29 909
73 30 936
73 31 238
73 32 881
73 33 551
73 34 551
73 35 875
73 36 550
73 37 901
73 38 647
73 39 520
73 40 293
73 41 381
73 42 693
73 43 251
73 44 998
73 45 998
73 46 174
73 47 415
73 48 876
73 49 774
73 50 169
73 51 219
73 52 919
73 53 567
73 54 237
73 55 720
73 56 980
73 57 735
73 58 780
73 59 895
73 60 644
73 61 717
73 62 133
73 63 525
73 64 269
73 65 685
73 66 401
73 67 819
73 68 587
73 69 49
73 70 339
73 71 881
73 72 430
73 74 33
73 75 132
73 76 429
73 77 31
73 78 307
73 79 844
73 80 908
73 81 81
73 82 14
73 83 128
73 84 1
73 85 581
73 86 365
73 87 722
73 88 561
73 89 100
73 90 502
73 91 457
73 92 745
73 93 220
73 94 590
73 95 271
73 96 489
73 97 276
73 98 672
73 99 308
74 0 863
74 1 721
74 2 648
74 3 744
74 4 152
74 5 681
74 6 876
74 7 581
74 8 713
74 9 184
74 10 425
74 11 621
74 12 265
74 13 439
74 14 750
74 15 267
74 16 21
74 17 116
74 18 989
74 19 583
74 20 217
74 21 492
74 22 40
74 23 962
74 24 712
74 25 631
74 26 233
74 27 202
74 28 907
74 29 906
74 30 511
74 31 770
74 32 628
74 33 159
74 34 515
74 35 780
74 36 840
74 37 392
74 38 361
74 39 553
74 40 576
74 41 787
74 42 175
74 43 841
74 44 227
74 45 926
74 46 108
74 47 248
74 48 42
74 49 98
74 50 831
74 51 259
74 52 590
74 53 872
74 54 221
74 55 303
74 56 503
74 57 454
74 58 505
74 59 410
74 60 361
74 61 16
74 62 181
74 63 989
74 64 176
74 65 696
74 66 769
74 67 16
74 68 89
74 69 130
74 70 570
74 71 665
74 72 918
74 73 746
74 75 506
74 76 145
74 77 672
74 78 615
74 79 393
74 80 714
74 81 714
74 82 225
74 83 973
74 84 304
74 85 97
74 86 195
74 87 608
74 88 601
74 89 650
74 90 114
74 91 12
74 92 11
74 93 130
74 94 194
74 95 0
74 96 306
74 97 890
74 98 769
74 99 323
75 0 979
75 1 900
75 2 893
75 3 645
75 4 818
75 5 640
75 6 152
75 7 963
75 8 312
75 9 767
75 10 357
75 11 26
75 12 482
75 13 583
75 14 0
75 15 786
75 16 681
75 17 195
75 18 395
75 19 282
75 20 845
75 21 509
75 22 294
75 23 856
75 24 640
75 25 488
75 26 856
75 27 946
75 28 379
75 29 626
75 30 270
75 31 359
75 32 526
75 33 164
75 34 4
75 35 345
75 36 804
75 37 157
75 38 309
75 39 116
75 40 925
75 41 667
75 42 143
75 43 407
75 44 250
75 45 143
75 46 194
75 47 931
75 48 338
75 49 589
75 50 213
75 51 183
75 52 98
75 53 508
75 54 39
75 55 738
75 56 997
75 57 896
75 58 685
75 59 377
75 60 522
75 61 956
75 62 736
75 63 48
75 64 120
75 65 741
75 66 394
75 67 925
75 68 898
75 69 703
75 70 41
75 71 823
75 72 370
75 73 184
75 74 230
75 76 621
75 77 328
75 78 425
75 79 552
75 80 666
75 81 14
75 82 766
75 83 849
75 84 113
75 85 274
75 86 889
75 87 852
75 88 272
75 89 785
75 90 537
75 91 649
75 92 308
75 93 494
75 94 386
75 95 357
75 96 614
75 97 127
75 98 751
75 99 539
76 0 26
76 1 455
76 2 581
76 3 850
76 4 826
76 5 766
76 6 81
76 7 447
76 8 94
76 9 506
76 10 999
76 11 760
76 12 521
76 13 765
76 14 610
76 15 634
76 16 40
76 17 500
76 18 486
76 19 312
76 20 286
76 21 24
76 22 961
76 23 594
76 24 518
76 25 347
76 26 952
76 27 133
76 28 475
76 29 703
76 30 672
76 31 502
76 32 158
76 33 254
76 34 352
76 35 985
76 36 20
76 37 434
76 38 432
76 39 115
76 40 941
76 41 431
76 42 876
76 43 462
76 44 197
76 45 486
76 46 96
76 47 237
76 48 987
76 49 582
76 50 549
76 51 273
76 52 607
76 53 511
76 54 868
76 55 125
76 56 858
76 57 820
76 58 258
76 59 334
76 60 523
76 61 931
76 62 836
76 63 682
76 64 186
76 65 189
76 66 667
76 67 206
76 68 624
76 69 100
76 70 322
76 71 565
76 72 531
76 73 198
76 74 27
76 75 728
76 77 685
76 78 124
76 79 966
76 80 672
76 81 707
76 82 515
76 83 945
76 84 314
76 85 26
76 86 814
76 87 439
76 88 885
76 89 634
76 90 698
76 91 219
76 92 158
76 93 629
76 94 56
76 95 841
76 96 815
76 97 246
76 98 509
76 99 22
77 0 870
77 1 609
77 2 344
77 3 435
77 4 141
77 5 542
77 6 462
77 7 869
77 8 227
77 9 587
77 10 835
77 11 900
77 12 294
77 13 351
77 14 846
77 15 608
77 16 378
77 17 660
77 18 47
77 19 263
77 20 294
77 21 746
77 22 483
77 23 452
77 24 375
77 25 540
77 26 294
77 27 191
77 28 786
77 29 803
77 30 213
77 31 656
77 32 413
77 33 558
77 34 91
77 35 554
77 36 101
77 37 554
77 38 423
77 39 329
77 40 141
77 41 259
77 42 229
77 43 435
77 44 610
77 45 75
77 46 44
77 47 988
77 48 736
77 49 91
77 50 252
77 51 30
77 52 838
77 53 736
77 54 483
77 55 213
77 56 276
77 57 777
77 58 405
77 59 62
77 60 581
77 61 619
77 62 718
77 63 994
77 64 177
77 65 810
77 66 548
77 67 279
77 68 365
77 69 972
77 70 609
77 71 507
77 72 231
77 73 839
77 74 942
77 75 842
77 76 915
77 78 986
77 79 831
77 80 651
77 81 78
77 82 84
77 83 681
77 84 917
77 85 820
77 86 165
77 87 130
77 88 96
77 89 942
77 90 536
77 91 159
77 92 524
77 93 155
77 94 877
77 95 518
77 96 333
77 97 688
77 98 67
77 99 612
78 0 54
78 1 39
78 2 222
78 3 561
78 4 271
78 5 61
78 6 504
78 7 114
78 8 976
78 9 490
78 10 945
78 11 627
78 12 569
78 13 29
78 14 309
78 15 487
78 16 850
78 17 474
78 18 617
78 19 946
78 20 416
78 21 153
78 22 105
78 23 941
78 24 309
78 25 983
78 26 459
78 27 642
78 28 672
78 29 527
78 30 255
78 31 726
78 32 566
78 33 477
78 34 287
78 35 838
78 36 538
78 37 791
78 38 952
78 39 514
78 40 282
78 41 898
78 42 142
78 43 852
78 44 927
78 45 451
78 46 339
78 47 777
78 48 925
78 49 957
78 50 724
78 51 342
78 52 111
78 53 830
78 54 283
78 55 420
78 56 814
78 57 743
78 58 62
78 59 486
78 60 270
78 61 317
78 62 212
78 63 837
78 64 795
78 65 500
78 66 676
78 67 333
78 68 292
78 69 628
78 70 848
78 71 574
78 72 526
78 73 990
78 74 427
78 75 454
78 76 441
78 77 766
78 79 232
78 80 366
78 81 724
78 82 956
78 83 709
78 84 835
78 85 787
78 86 992
78 87 256
78 88 601
78 89 735
78 90 318
78 91 87
78 92 6
78 93 636
78 94 300
78 95 844
78 96 431
78 97 801
78 98 520
78 99 765
79 0 93
79 1 148
79 2 613
79 3 668
79 4 675
79 5 603
79 6 95
79 7 129
79 8 45
79 9 862
79 10 361
79 11 411
79 12 586
79 13 318
79 14 120
79 15 422
79 16 106
79 17 113
79 18 678
79 19 707
79 20 849
79 21 997
79 22 795
79 23 855
79 24 634
79 25 95
79 26 699
79 27 66
79 28 897
79 29 220
79 30 831
79 31 990
79 32 368
79 33 445
79 34 659
79 35 44
79 36 48
79 37 754
79 38 173
79 39 93
79 40 617
79 41 535
79 42 505
79 43 204
79 44 854
79 45 626
79 46 626
79 47 960
79 48 739
79 49 305
79 50 668
79 51 588
79 52 303
79 53 463
79 54 444
79 55 937
79 56 559
79 57 144
79 58 3
79 59 456
79 60 364
79 61 835
79 62 447
79 63 733
79 64 280
79 65 106
79 66 777
79 67 329
79 68 861
79 69 951
79 70 423
79 71 478
79 72 487
79 73 928
79 74 682
79 75 342
79 76 555
79 77 309
79 78 302
79 80 294
79 81 614
79 82 970
79 83 883
79 84 917
79 85 434
79 86 327
79 87 855
79 88 993
79 89 472
79 90 859
79 91 449
79 92 836
79 93 694
79 94 896
79 95 570
79 96 975
79 97 3
79 98 348
79 99 305
80 0 864
80 1 299
80 2 728
80 3 342
80 4 786
80 5 657
80 6 25
80 7 128
80 8 212
80 9 334
80 10 431
80 11 507
80 12 949
80 13 402
80 14 390
80 15 866
80 16 836
80 17 718
80 18 721
80 19 829
80 20 191
80 21 581
80 22 279
80 23 28
80 24 276
80 25 176
80 26 598
80 27 251
80 28 179
80 29 946
80 30 557
80 31 43
80 32 245
80 33 285
80 34 386
80 35 32
80 36 943
80 37 411
80 38 161
80 39 156
80 40 745
80 41 593
80 42 663
80 43 694
80 44 995
80 45 54
80 46 561
80 47 832
80 48 773
80 49 283
80 50 662
80 51 964
80 52 864
80 53 941
80 54 992
80 55 140
80 56 117
80 57 591
80 58 392
80 59 297
80 60 537
80 61 949
80 62 340
80 63 783
80 64 235
80 65 727
80 66 816
80 67 178
80 68 138
80 69 978
80 70 334
80 71 884
80 72 571
80 73 998
80 74 579
80 75 567
80 76 53
80 77 140
80 78 400
80 79 826
80 81 424
80 82 62
80 83 791
80 84 289
80 85 4
80 86 783
80 87 429
80 88 122
80 89 375
80 90 822
80 91 419
80 92 912
80 93 772
80 94 760
80 95 696
80 96 7
80 97 487
80 98 513
80 99 186
81 0 625
81 1 491
81 2 521
81 3 510
81 4 63
81 5 519
81 6 89
81 7 631
81 8 572
81 9 230
81 10 31
81 11 399
81 12 654
81 13 93
81 14 190
81 15 943
81 16 98
81 17 974
81 18 373
81 19 220
81 20 349
81 21 196
81 22 639
81 23 262
81 24 968
81 25 399
81 26 959
81 27 975
81 28 886
81 29 472
81 30 162
81 31 512
81 32 963
81 33 683
81 34 22
81 35 27
81 36 203
81 37 111
81 38 658
81 39 776
81 40 342
81 41 689
81 42 176
81 43 996
81 44 783
81 45 366
81 46 940
81 47 881
81 48 341
81 49 314
81 50 101
81 51 690
81 52 510
81 53 740
81 54 953
81 55 478
81 56 140
81 57 912
81 58 454
81 59 26
81 60 384
81 61 617
81 62 538
81 63 348
81 64 300
81 65 560
81 66 375
81 67 504
81 68 672
81 69 34
81 70 281
81 71 14
81 72 723
81 73 457
81 74 11
81 75 507
81 76 824
81 77 952
81 78 388
81 79 165
81 80 266
81 82 490
81 83 856
81 84 777
81 85 230
81 86 809
81 87 256
81 88 370
81 89 721
81 90 710
81 91 397
81 92 105
81 93 327
81 94 935
81 95 454
81 96 628
81 97 496
81 98 830
81 99 133
82 0 169
82 1 864
82 2 414
82 3 184
82 4 588
82 5 871
82 6 195
82 7 95
82 8 696
82 9 147
82 10 483
82 11 861
82 12 414
82 13 973
82 14 717
82 15 191
82 16 204
82 17 526
82 18 447
82 19 575
82 20 247
82 21 158
82 22 972
82 23 353
82 24 486
82 25 908
82 26 808
82 27 114
82 28 405
82 29 638
82 30 247
82 31 574
82 32 503
82 33 662
82 34 758
82 35 91
82 36 534
82 37 954
82 38 186
82 39 230
82 40 102
82 41 670
82 42 91
82 43 516
82 44 644
82 45 809
82 46 708
82 47 848
82 48 336
82 49 156
82 50 424
82 51 584
82 52 314
82 53 397
82 54 937
82 55 801
82 56 305
82 57 746
82 58 915
82 59 711
82 60 384
82 61 163
82 62 286
82 63 887
82 64 826
82 65 45
82 66 979
82 67 360
82 68 999
82 69 165
82 70 590
82 71 101
82 72 835
82 73 682
82 74 618
82 75 480
82 76 492
82 77 327
82 78 328
82 79 828
82 80 483
82 81 753
82 83 412
82 84 798
82 85 150
82 86 350
82 87 599
82 88 456
82 89 96
82 90 514
82 91 167
82 92 481
82 93 678
82 94 453
82 95 369
82 96 504
82 97 499
82 98 348
82 99 865
83 0 498
83 1 514
83 2 455
83 3 600
83 4 350
83 5 138
83 6 219
83 7 830
83 8 630
83 9 546
83 10 159
83 11 458
83 12 29
83 13 912
83 14 871
83 15 828
83 16 62
83 17 221
83 18 427
83 19 518
83 20 318
83 21 942
83 22 686
83 23 799
83 24 620
83 25 140
83 26 169
83 27 125
83 28 639
83 29 517
83 30 990
83 31 138
83 32 31
83 33 446
83 34 739
83 35 381
83 36 585
83 37 959
83 38 212
83 39 215
83 40 505
83 41 371
83 42 674
83 43 535
83 44 283
83 45 545
83 46 363
83 47 346
83 48 767
83 49 791
83 50 865
83 51 85
83 52 733
83 53 551
83 54 885
83 55 354
83 56 692
83 57 54
83 58 479
83 59 332
83 60 571
83 61 470
83 62 470
83 63 603
83 64 917
83 65 210
83 66 985
83 67 502
83 68 169
83 69 197
83 70 718
83 71 675
83 72 568
83 73 393
83 74 210
83 75 852
83 76 939
83 77 574
83 78 198
83 79 706
83 80 365
83 81 63
83 82 792
83 84 98
83 85 615
83 86 677
83 87 453
83 88 307
83 89 731
83 90 933
83 91 639
83 92 302
83 93 403
83 94 110
83 95 906
83 96 321
83 97 320
83 98 892
83 99 823
84 0 489
84 1 89
84 2 542
84 3 164
84 4 658
84 5 935
84 6 375
84 7 510
84 8 874
84 9 949
84 10 708
84 11 580
84 12 315
84 13 772
84 14 372
84 15 414
84 16 387
84 17 49
84 18 867
84 19 694
84 20 780
84 21 800
84 22 333
84 23 83
84 24 204
84 25 443
84 26 990
84 27 525
84 28 764
84 29 882
84 30 349
84 31 253
84 32 972
84 33 891
84 34 418
84 35 630
84 36 826
84 37 793
84 38 141
84 39 700
84 40 743
84 41 850
84 42 281
84 43 59
84 44 622
84 45 654
84 46 473
84 47 9
84 48 703
84 49 340
84 50 704
84 51 484
84 52 141
84 53 38
84 54 568
84 55 345
84 56 482
84 57 559
84 58 871
84 59 246
84 60 441
84 61 220
84 62 500
84 63 413
84 64 111
84 65 918
84 66 44
84 67 938
84 68 712
84 69 185
84 70 638
84 71 456
84 72 35
84 73 920
84 74 515
84 75 658
84 76 574
84 77 988
84 78 668
84 79 278
84 80 329
84 81 372
84 82 763
84 83 470
84 85 410
84 86 331
84 87 815
84 88 892
84 89 891
84 90 687
84 91 139
84 92 332
84 93 907
84 94 639
84 95 746
84 96 19
84 97 557
84 98 791
84 99 957
85 0 270
85 1 977
85 2 596
85 3 726
85 4 13
85 5 516
85 6 241
85 7 671
85 8 90
85 9 229
85 10 339
85 11 368
85 12 559
85 13 712
85 14 131
85 15 29
85 16 123
85 17 463
85 18 845
85 19 15
85 20 354
85 21 532
85 22 154
85 23 687
85 24 439
85 25 794
85 26 434
85 27 458
85 28 351
85 29 225
85 30 416
85 31 621
85 32 202
85 33 12
85 34 348
85 35 216
85 36 528
85 37 589
85 38 887
85 39 618
85 40 819
85 41 227
85 42 986
85 43 378
85 44 939
85 45 118
85 46 407
85 47 62
85 48 581
85 49 253
85 50 78
85 51 936
85 52 785
85 53 233
85 54 623
85 55 224
85 56 27
85 57 57
85 58 683
85 59 379
85 60 283
85 61 99
85 62 1
85 63 486
85 64 111
85 65 349
85 66 702
85 67 639
85 68 939
85 69 590
85 70 258
85 71 759
85 72 817
85 73 245
85 74 137
85 75 757
85 76 363
85 77 545
85 78 820
85 79 945
85 80 798
85 81 899
85 82 881
85 83 584
85 84 132
85 86 505
85 87 808
85 88 160
85 89 563
85 90 492
85 91 540
85 92 846
85 93 592
85 94 541
85 95 333
85 96 703
85 97 891
85 98 35
85 99 343
86 0 831
86 1 626
86 2 602
86 3 590
86 4 444
86 5 847
86 6 728
86 7 201
86 8 211
86 9 274
86 10 22
86 11 156
86 12 73
86 13 921
86 14 38
86 15 657
86 16 53
86 17 543
86 18 466
86 19 214
86 20 106
86 21 958
86 22 754
86 23 952
86 24 550
86 25 296
86 26 286
86 27 254
86 28 188
86 29 322
86 30 598
86 31 19
86 32 948
86 33 200
86 34 610
86 35 392
86 36 47
86 37 338
86 38 594
86 39 258
86 40 612
86 41 616
86 42 415
86 43 686
86 44 537
86 45 453
86 46 343
86 47 591
86 48 996
86 49 809
86 50 805
86 51 102
86 52 767
86 53 560
86 54 55
86 55 318
86 56 857
86 57 341
86 58 573
86 59 46
86 60 663
86 61 171
86 62 66
86 63 612
86 64 372
86 65 676
86 66 4
86 67 419
86 68 15
86 69 598
86 70 678
86 71 628
86 72 214
86 73 93
86 74 314
86 75 751
86 76 546
86 77 657
86 78 342
86 79 543
86 80 466
86 81 148
86 82 646
86 83 234
86 84 709
86 85 701
86 87 553
86 88 566
86 89 43
86 90 126
86 91 613
86 92 707
86 93 298
86 94 679
86 95 319
86 96 670
86 97 355
86 98 323
86 99 90
87 0 370
87 1 922
87 2 768
87 3 999
87 4 136
87 5 862
87 6 313
87 7 888
87 8 409
87 9 970
87 10 231
87 11 952
87 12 437
87 13 380
87 14 598
87 15 672
87 16 89
87 17 300
87 18 225
87 19 656
87 20 343
87 21 352
87 22 269
87 23 51
87 24 650
87 25 948
87 26 370
87 27 321
87 28 304
87 29 694
87 30 411
87 31 675
87 32 616
87 33 179
87 34 674
87 35 753
87 36 42
87 37 987
87 38 642
87 39 451
87 40 958
87 41 874
87 42 404
87 43 396
87 44 254
87 45 2
87 46 68
87 47 344
87 48 303
87 49 294
87 50 0
87 51 647
87 52 646
87 53 270
87 54 698
87 55 297
87 56 219
87 57 69
87 58 618
87 59 524
87 60 763
87 61 29
87 62 199
87 63 380
87 64 209
87 65 874
87 66 134
87 67 251
87 68 861
87 69 777
87 70 703
87 71 820
87 72 651
87 73 107
87 74 216
87 75 906
87 76 109
87 77 285
87 78 250
87 79 413
87 80 579
87 81 251
87 82 60
87 83 225
87 84 522
87 85 758
87 86 523
87 88 741
87 89 828
87 90 141
87 91 265
87 92 591
87 93 171
87 94 465
87 95 972
87 96 381
87 97 339
87 98 106
87 99 632
88 0 201
88 1 884
88 2 336
88 3 22
88 4 535
88 5 443
88 6 238
88 7 441
88 8 553
88 9 524
88 10 691
88 11 966
88 12 103
88 13 943
88 14 27
88 15 329
88 16 465
88 17 786
88 18 852
88 19 207
88 20 614
88 21 994
88 22 472
88 23 205
88 24 166
88 25 938
88 26 178
88 27 547
88 28 278
88 29 285
88 30 180
88 31 479
88 32 169
88 33 516
88 34 501
88 35 705
88 36 959
88 37 740
88 38 146
88 39 513
88 40 264
88 41 838
88 42 479
88 43 368
88 44 781
88 45 506
88 46 697
88 47 247
88 48 292
88 49 549
88 50 454
88 51 906
88 52 544
88 53 927
88 54 112
88 55 710
88 56 865
88 57 291
88 58 257
88 59 143
88 60 576
88 61 437
88 62 623
88 63 746
88 64 954
88 65 125
88 66 451
88 67 914
88 68 865
88 69 598
88 70 427
88 71 130
88 72 436
88 73 907
88 74 498
88 75 218
88 76 413
88 77 195
88 78 466
88 79 706
88 80 745
88 81 920
88 82 613
88 83 290
88 84 847
88 85 726
88 86 0
88 87 713
88 89 17
88 90 258
88 91 857
88 92 594
88 93 696
88 94 480
88 95 340
88 96 650
88 97 605
88 98 792
88 99 564
89 0 471
89 1 390
89 2 992
89 3 602
89 4 827
89 5 899
89 6 101
89 7 45
89 8 313
89 9 297
89 10 511
89 11 19
89 12 43
89 13 432
89 14 633
89 15 333
89 16 279
89 17 359
89 18 334
89 19 993
89 20 377
89 21 592
89 22 850
89 23 972
89 24 289
89 25 331
89 26 313
89 27 940
89 28 937
89 29 105
89 30 505
89 31 408
89 32 495
89 33 497
89 34 11
89 35 323
89 36 396
89 37 112
89 38 368
89 39 709
89 40 409
89 41 880
89 42 729
89 43 452
89 44 313
89 45 362
89 46 786
89 47 593
89 48 722
89 49 120
89 50 586
89 51 99
89 52 713
89 53 436
89 54 72
89 55 3
89 56 767
89 57 385
89 58 943
89 59 704
89 60 491
89 61 448
89 62 113
89 63 986
89 64 946
89 65 125
89 66 310
89 67 342
89 68 238
89 69 679
89 70 52
89 71 648
89 72 560
89 73 781
89 74 101
89 75 873
89 76 144
89 77 887
89 78 466
89 79 866
89 80 8
89 81 52
89 82 966
89 83 721
89 84 489
89 85 38
89 86 725
89 87 257
89 88 423
89 90 668
89 91 962
89 92 915
89 93 117
89 94 76
89 95 902
89 96 63
89 97 201
89 98 212
89 99 405
90 0 440
90 1 891
90 2 458
90 3 88
90 4 451
90 5 239
90 6 189
90 7 324
90 8 383
90 9 76
90 10 790
90 11 250
90 12 85
90 13 843
90 14 216
90 15 807
90 16 333
90 17 255
90 18 532
90 19 591
90 20 679
90 21 200
90 22 553
90 23 594
90 24 317
90 25 630
90 26 496
90 27 380
90 28 832
90 29 708
90 30 786
90 31 272
90 32 599
90 33 244
90 34 360
90 35 50
90 36 484
90 37 550
90 38 375
90 39 868
90 40 626
90 41 165
90 42 118
90 43 712
90 44 9
90 45 335
90 46 519
90 47 343
90 48 590
90 49 51
90 50 934
90 51 269
90 52 252
90 53 488
90 54 863
90 55 570
90 56 118
90 57 359
90 58 950
90 59 950
90 60 67
90 61 737
90 62 223
90 63 667
90 64 981
90 65 583
90 66 717
90 67 466
90 68 133
90 69 92
90 70 334
90 71 760
90 72 258
90 73 453
90 74 473
90 75 268
90 76 788
90 77 992
90 78 611
90 79 379
90 80 44
90 81 546
90 82 648
90 83 296
90 84 34
90 85 512
90 86 866
90 87 153
90 88 872
90 89 817
90 91 103
90 92 940
90 93 554
90 94 327
90 95 607
90 96 536
90 97 910
90 98 325
90 99 3
91 0 44
91 1 418
91 2 337
91 3 805
91 4 677
91 5 791
91 6 278
91 7 945
91 8 580
91 9 271
91 10 557
91 11 959
91 12 315
91 13 103
91 14 608
91 15 611
91 16 138
91 17 120
91 18 478
91 19 291
91 20 992
91 21 295
91 22 395
91 23 932
91 24 850
91 25 722
91 26 540
91 27 387
91 28 633
91 29 865
91 30 390
91 31 678
91 32 283
91 33 728
91 34 483
91 35 960
91 36 519
91 37 762
91 38 906
91 39 100
91 40 33
91 41 463
91 42 59
91 43 348
91 44 567
91 45 668
91 46 960
91 47 705
91 48 788
91 49 439
91 50 997
91 51 781
91 52 734
91 53 393
91 54 714
91 55 585
91 56 115
91 57 254
91 58 972
91 59 749
91 60 120
91 61 363
91 62 427
91 63 403
91 64 91
91 65 911
91 66 364
91 67 611
91 68 673
91 69 270
91 70 711
91 71 706
91 72 734
91 73 771
91 74 55
91 75 301
91 76 439
91 77 15
91 78 7
91 79 228
91 80 455
91 81 5
91 82 10
91 83 190
91 84 398
91 85 725
91 86 775
91 87 514
91 88 980
91 89 748
91 90 263
91 92 100
91 93 111
91 94 691
91 95 504
91 96 203
91 97 602
91 98 869
91 99 814
92 0 275
92 1 139
92 2 526
92 3 982
92 4 874
92 5 298
92 6 37
92 7 176
92 8 737
92 9 53
92 10 183
92 11 966
92 12 508
92 13 189
92 14 977
92 15 698
92 16 588
92 17 702
92 18 474
92 19 102
92 20 683
92 21 222
92 22 366
92 23 783
92 24 334
92 25 57
92 26 288
92 27 537
92 28 659
92 29 157
92 30 352
92 31 934
92 32 297
92 33 879
92 34 917
92 35 171
92 36 177
92 37 954
92 38 347
92 39 915
92 40 8
92 41 531
92 42 881
92 43 517
92 44 721
92 45 859
92 46 216
92 47 309
92 48 561
92 49 690
92 50 411
92 51 244
92 52 913
92 53 777
92 54 28
92 55 248
92 56 834
92 57 317
92 58 786
92 59 493
92 60 474
92 61 138
92 62 428
92 63 771
92 64 17
92 65 345
92 66 943
92 67 195
92 68 300
92 69 291
92 70 110
92 71 309
92 72 822
92 73 992
92 74 827
92 75 543
92 76 851
92 77 43
92 78 852
92 79 413
92 80 734
92 81 264
92 82 658
92 83 648
92 84 41
92 85 686
92 86 896
92 87 876
92 88 3
92 89 682
92 90 370
92 91 478
92 93 821
92 94 798
92 95 250
92 96 839
92 97 144
92 98 193
92 99 34
93 0 445
93 1 484
93 2 145
93 3 755
93 4 307
93 5 137
93 6 582
93 7 851
93 8 988
93 9 626
93 10 704
93 11 402
93 12 360
93 13 968
93 14 60
93 15 9
93 16 10
93 17 747
93 18 906
93 19 886
93 20 751
93 21 588
93 22 257
93 23 229
93 24 410
93 25 56
93 26 479
93 27 249
93 28 200
93 29 673
93 30 284
93 31 646
93 32 158
93 33 429
93 34 401
93 35 466
93 36 566
93 37 984
93 38 317
93 39 555
93 40 610
93 41 22
93 42 958
93 43 971
93 44 990
93 45 18
93 46 981
93 47 1
93 48 765
93 49 887
93 50 887
93 51 516
93 52 476
93 53 145
93 54 746
93 55 886
93 56 201
93 57 226
93 58 135
93 59 402
93 60 899
93 61 420
93 62 48
93 63 58
93 64 849
93 65 450
93 66 524
93 67 416
93 68 435
93 69 842
93 70 971
93 71 45
93 72 864
93 73 929
93 74 17
93 75 855
93 76 948
93 77 998
93 78 856
93 79 714
93 80 886
93 81 744
93 82 230
93 83 362
93 84 889
93 85 976
93 86 248
93 87 90
93 88 202
93 89 384
93 90 492
93 91 102
93 92 804
93 94 541
93 95 161
93 96 654
93 97 992
93 98 685
93 99 70
94 0 427
94 1 528
94 2 42
94 3 473
94 4 393
94 5 972
94 6 490
94 7 248
94 8 920
94 9 489
94 10 104
94 11 634
94 12 375
94 13 848
94 14 865
94 15 738
94 16 737
94 17 842
94 18 986
94 19 828
94 20 45
94 21 371
94 22 321
94 23 147
94 24 175
94 25 862
94 26 308
94 27 829
94 28 854
94 29 994
94 30 899
94 31 282
94 32 523
94 33 942
94 34 755
94 35 916
94 36 914
94 37 246
94 38 164
94 39 834
94 40 736
94 41 268
94 42 469
94 43 112
94 44 117
94 45 334
94 46 850
94 47 855
94 48 176
94 49 837
94 50 683
94 51 221
94 52 208
94 53 5
94 54 369
94 55 383
94 56 867
94 57 678
94 58 213
94 59 722
94 60 673
94 61 113
94 62 5
94 63 196
94 64 55
94 65 760
94 66 112
94 67 969
94 68 7
94 69 277
94 70 804
94 71 743
94 72 546
94 73 273
94 74 855
94 75 663
94 76 607
94 77 706
94 78 519
94 79 783
94 80 543
94 81 203
94 82 5
94 83 751
94 84 208
94 85 374
94 86 135
94 87 76
94 88 53
94 89 348
94 90 798
94 91 726
94 92 462
94 93 803
94 95 922
94 96 517
94 97 564
94 98 35
94 99 487
95 0 571
95 1 312
95 2 291
95 3 315
95 4 858
95 5 565
95 6 171
95 7 522
95 8 172
95 9 877
95 10 42
95 11 956
95 12 420
95 13 245
95 14 962
95 15 172
95 16 453
95 17 336
95 18 307
95 19 529
95 20 390
95 21 656
95 22 328
95 23 116
95 24 118
95 25 132
95 26 39
95 27 636
95 28 697
95 29 74
95 30 124
95 31 268
95 32 387
95 33 415
95 34 584
95 35 246
95 36 981
95 37 755
95 38 769
95 39 153
95 40 632
95 41 811
95 42 110
95 43 53
95 44 56
95 45 72
95 46 226
95 47 510
95 48 409
95 49 533
95 50 40
95 51 799
95 52 190
95 53 368
95 54 915
95 55 309
95 56 501
95 57 955
95 58 945
95 59 198
95 60 29
95 61 70
95 62 467
95 63 417
95 64 485
95 65 51
95 66 663
95 67 467
95 68 806
95 69 432
95 70 620
95 71 439
95 72 243
95 73 731
95 74 493
95 75 300
95 76 803
95 77 719
95 78 810
95 79 212
95 80 252
95 81 850
95 82 12
95 83 443
95 84 219
95 85 928
95 86 752
95 87 721
95 88 883
95 89 698
95 90 920
95 91 913
95 92 768
95 93 388
95 94 330
95 96 254
95 97 439
95 98 993
95 99 721
96 0 246
96 1 426
96 2 342
96 3 685
96 4 670
96 5 73
96 6 178
96 7 970
96 8 876
96 9 897
96 10 781
96 11 89
96 12 150
96 13 632
96 14 101
96 15 594
96 16 852
96 17 29
96 18 346
96 19 573
96 20 913
96 21 45
96 22 494
96 23 826
96 24 813
96 25 882
96 26 156
96 27 67
96 28 322
96 29 150
96 30 789
96 31 568
96 32 576
96 33 131
96 34 254
96 35 246
96 36 204
96 37 433
96 38 217
96 39 81
96 40 330
96 41 998
96 42 170
96 43 481
96 44 631
96 45 272
96 46 75
96 47 483
96 48 301
96 49 422
96 50 57
96 51 215
96 52 467
96 53 551
96 54 41
96 55 280
96 56 434
96 57 198
96 58 348
96 59 756
96 60 348
96 61 138
96 62 324
96 63 925
96 64 269
96 65 578
96 66 172
96 67 474
96 68 11
96 69 389
96 70 555
96 71 342
96 72 388
96 73 725
96 74 824
96 75 19
96 76 997
96 77 900
96 78 502
96 79 299
96 80 322
96 81 559
96 82 515
96 83 789
96 84 111
96 85 556
96 86 70
96 87 545
96 88 755
96 89 419
96 90 301
96 91 103
96 92 557
96 93 626
96 94 29
96 95 827
96 97 204
96 98 201
96 99 301
97 0 216
97 1 590
97 2 856
97 3 559
97 4 978
97 5 582
97 6 383
97 7 998
97 8 580
97 9 283
97 10 500
97 11 879
97 12 605
97 13 60
97 14 395
97 15 395
97 16 172
97 17 951
97 18 466
97 19 717
97 20 706
97 21 886
97 22 19
97 23 810
97 24 443
97 25 645
97 26 839
97 27 271
97 28 850
97 29 40
97 30 572
97 31 67
97 32 631
97 33 429
97 34 626
97 35 610
97 36 11
97 37 10
97 38 608
97 39 591
97 40 293
97 41 109
97 42 471
97 43 899
97 44 170
97 45 866
97 46 295
97 47 342
97 48 818
97 49 762
97 50 60
97 51 525
97 52 648
97 53 80
97 54 335
97 55 92
97 56 725
97 57 175
97 58 363
97 59 576
97 60 216
97 61 935
97 62 644
97 63 847
97 64 365
97 65 270
97 66 458
97 67 376
97 68 280
97 69 67
97 70 968
97 71 574
97 72 177
97 73 439
97 74 474
97 75 347
97 76 306
97 77 769
97 78 690
97 79 124
97 80 531
97 81 750
97 82 649
97 83 179
97 84 831
97 85 985
97 86 272
97 87 557
97 88 160
97 89 635
97 90 133
97 91 376
97 92 571
97 93 777
97 94 224
97 95 936
97 96 48
97 98 682
97 99 313
98 0 329
98 1 750
98 2 281
98 3 904
98 4 927
98 5 720
98 6 378
98 7 275
98 8 27
98 9 147
98 10 965
98 11 151
98 12 679
98 13 716
98 14 801
98 15 859
98 16 547
98 17 786
98 18 131
98 19 104
98 20 946
98 21 767
98 22 238
98 23 322
98 24 338
98 25 16
98 26 547
98 27 275
98 28 65
98 29 229
98 30 588
98 31 394
98 32 980
98 33 869
98 34 299
98 35 907
98 36 590
98 37 677
98 38 183
98 39 617
98 40 825
98 41 149
98 42 769
98 43 505
98 44 865
98 45 570
98 46 364
98 47 413
98 48 356
98 49 496
98 50 518
98 51 303
98 52 263
98 53 757
98 54 626
98 55 601
98 56 773
98 57 173
98 58 876
98 59 839
98 60 403
98 61 465
98 62 233
98 63 383
98 64 334
98 65 532
98 66 291
98 67 925
98 68 210
98 69 474
98 70 542
98 71 35
98 72 623
98 73 312
98 74 540
98 75 489
98 76 882
98 77 905
98 78 903
98 79 239
98 80 401
98 81 422
98 82 543
98 83 664
98 84 179
98 85 169
98 86 266
98 87 953
98 88 343
98 89 143
98 90 792
98 91 746
98 92 608
98 93 26
98 94 129
98 95 943
98 96 559
98 97 421
98 99 868
99 0 769
99 1 896
99 2 410
99 3 805
99 4 519
99 5 723
99 6 346
99 7 9
99 8 605
99 9 251
99 10 912
99 11 845
99 12 653
99 13 334
99 14 388
99 15 318
99 16 514
99 17 558
99 18 584
99 19 467
99 20 901
99 21 727
99 22 259
99 23 647
99 24 336
99 25 285
99 26 777
99 27 279
99 28 844
99 29 198
99 30 147
99 31 613
99 32 94
99 33 558
99 34 419
99 35 614
99 36 281
99 37 765
99 38 624
99 39 887
99 40 17
99 41 536
99 42 732
99 43 670
99 44 871
99 45 121
99 46 988
99 47 386
99 48 679
99 49 573
99 50 853
99 51 580
99 52 301
99 53 112
99 54 228
99 55 637
99 56 398
99 57 5
99 58 917
99 59 242
99 60 204
99 61 64
99 62 856
99 63 299
99 64 623
99 65 275
99 66 913
99 67 904
99 68 41
99 69 537
99 70 791
99 71 59
99 72 74
99 73 524
99 74 729
99 75 946
99 76 646
99 77 718
99 78 332
99 79 325
99 80 292
99 81 186
99 82 906
99 83 593
99 84 298
99 85 134
99 86 231
99 87 696
99 88 139
99 89 148
99 90 939
99 91 344
99 92 213
99 93 796
99 94 643
99 95 836
99 96 72
99 97 557
99 98 741
