50 2450 1
0 49
150
0 1 840 197
0 2 783 399
0 3 911 98
0 4 335 384
0 5 277 276
0 6 477 314
0 7 364 256
0 8 952 458
0 9 635 358
0 10 141 303
0 11 16 121
0 12 137 402
0 13 156 200
0 14 129 54
0 15 998 109
0 16 512 419
0 17 612 148
0 18 637 262
0 19 493 486
0 20 292 385
0 21 526 384
0 22 400 445
0 23 283 176
0 24 807 459
0 25 69 474
0 26 525 43
0 27 192 331
0 28 890 174
0 29 64 10
0 30 457 31
0 31 238 485
0 32 902 425
0 33 266 269
0 34 375 380
0 35 512 333
0 36 531 19
0 37 437 465
0 38 930 360
0 39 284 369
0 40 639 177
0 41 687 82
0 42 440 440
0 43 829 165
0 44 228 446
0 45 350 343
0 46 956 294
0 47 657 429
0 48 439 461
0 49 398 407
1 0 684 455
1 2 482 107
1 3 950 460
1 4 147 440
1 5 641 215
1 6 619 140
1 7 786 153
1 8 447 113
1 9 187 138
1 10 556 208
1 11 169 453
1 12 103 63
1 13 495 380
1 14 984 467
1 15 684 191
1 16 749 184
1 17 294 116
1 18 584 122
1 19 152 366
1 20 125 396
1 21 164 372
1 22 74 475
1 23 52 260
1 24 176 120
1 25 797 366
1 26 656 483
1 27 639 379
1 28 93 67
1 29 520 39
1 30 69 102
1 31 461 409
1 32 573 377
1 33 51 78
1 34 999 102
1 35 889 62
1 36 997 27
1 37 870 36
1 38 4 461
1 39 593 90
1 40 163 195
1 41 913 409
1 42 359 276
1 43 579 226
1 44 687 49
1 45 530 378
1 46 304 496
1 47 576 438
1 48 747 314
1 49 35 373
2 0 833 462
2 1 873 415
2 3 979 371
2 4 903 491
2 5 666 248
2 6 163 415
2 7 888 38
2 8 649 124
2 9 629 114
2 10 700 158
2 11 328 115
2 12 74 316
2 13 223 325
2 14 510 485
2 15 280 273
2 16 719 56
2 17 471 296
2 18 944 225
2 19 336 423
2 20 434 1
2 21 344 299
2 22 833 116
2 23 675 241
2 24 481 152
2 25 712 91
2 26 621 20
2 27 413 347
2 28 673 318
2 29 347 92
2 30 609 313
2 31 730 164
2 32 740 101
2 33 920 342
2 34 653 128
2 35 532 43
2 36 260 438
2 37 686 46
2 38 111 180
2 39 576 296
2 40 666 144
2 41 775 144
2 42 329 94
2 43 984 1
2 44 827 165
2 45 188 218
2 46 958 459
2 47 764 349
2 48 121 342
2 49 383 387
3 0 943 458
3 1 861 101
3 2 793 274
3 4 297 452
3 5 909 436
3 6 498 288
3 7 162 136
3 8 864 246
3 9 463 424
3 10 495 145
3 11 180 342
3 12 727 69
3 13 603 246
3 14 838 362
3 15 178 110
3 16 498 60
3 17 138 180
3 18 324 465
3 19 908 311
3 20 836 409
3 21 496 167
3 22 394 329
3 23 608 129
3 24 151 36
3 25 107 323
3 26 363 144
3 27 331 45
3 28 427 467
3 29 583 132
3 30 658 380
3 31 487 78
3 32 883 312
3 33 517 103
3 34 557 213
3 35 829 197
3 36 244 163
3 37 729 319
3 38 984 169
3 39 897 68
3 40 410 2
3 41 783 387
3 42 293 57
3 43 865 360
3 44 49 224
3 45 986 353
3 46 210 236
3 47 865 46
3 48 99 191
3 49 301 328
4 0 809 65
4 1 51 26
4 2 457 390
4 3 692 221
4 5 119 294
4 6 578 264
4 7 595 180
4 8 304 444
4 9 476 84
4 10 609 262
4 11 618 298
4 12 233 414
4 13 70 49
4 14 923 84
4 15 481 112
4 16 826 145
4 17 357 439
4 18 344 407
4 19 659 18
4 20 257 389
4 21 625 418
4 22 308 110
4 23 198 306
4 24 109 337
4 25 782 359
4 26 200 200
4 27 315 217
4 28 230 192
4 29 532 77
4 30 555 7
4 31 380 191
4 32 305 368
4 33 260 324
4 34 552 459
4 35 685 404
4 36 697 155
4 37 645 3
4 38 532 421
4 39 618 321
4 40 518 200
4 41 362 359
4 42 801 338
4 43 152 16
4 44 63 342
4 45 187 309
4 46 700 283
4 47 1 2
4 48 305 130
4 49 655 428
5 0 181 170
5 1 667 439
5 2 653 156
5 3 885 93
5 4 157 251
5 6 828 337
5 7 904 95
5 8 394 353
5 9 868 273
5 10 738 466
5 11 233 463
5 12 551 466
5 13 494 276
5 14 939 399
5 15 814 297
5 16 657 497
5 17 935 162
5 18 874 294
5 19 637 379
5 20 775 397
5 21 262 302
5 22 470 83
5 23 795 432
5 24 873 332
5 25 412 305
5 26 596 322
5 27 538 74
5 28 579 16
5 29 700 259
5 30 832 257
5 31 112 244
5 32 510 24
5 33 814 192
5 34 637 226
5 35 143 206
5 36 247 203
5 37 17 358
5 38 573 406
5 39 582 223
5 40 477 497
5 41 58 37
5 42 640 298
5 43 222 109
5 44 630 461
5 45 737 231
5 46 438 425
5 47 952 474
5 48 899 383
5 49 333 268
6 0 219 238
6 1 949 233
6 2 884 483
6 3 183 229
6 4 780 383
6 5 904 128
6 7 761 481
6 8 331 201
6 9 560 277
6 10 622 95
6 11 477 180
6 12 653 458
6 13 210 303
6 14 865 54
6 15 373 99
6 16 646 296
6 17 676 298
6 18 58 280
6 19 563 121
6 20 18 171
6 21 9 461
6 22 601 385
6 23 887 466
6 24 173 223
6 25 487 397
6 26 639 482
6 27 155 146
6 28 882 183
6 29 899 373
6 30 475 136
6 31 946 61
6 32 865 311
6 33 718 462
6 34 184 141
6 35 167 101
6 36 626 88
6 37 126 113
6 38 946 6
6 39 160 59
6 40 461 324
6 41 915 50
6 42 614 35
6 43 393 248
6 44 436 146
6 45 244 456
6 46 566 95
6 47 34 215
6 48 813 376
6 49 356 498
7 0 35 261
7 1 200 330
7 2 699 163
7 3 889 323
7 4 341 25
7 5 766 401
7 6 698 340
7 8 904 156
7 9 752 148
7 10 809 94
7 11 591 26
7 12 101 78
7 13 244 68
7 14 589 29
7 15 889 472
7 16 56 462
7 17 469 128
7 18 587 84
7 19 584 238
7 20 815 463
7 21 526 291
7 22 729 112
7 23 264 316
7 24 538 8
7 25 931 173
7 26 205 261
7 27 400 153
7 28 679 322
7 29 443 134
7 30 703 166
7 31 214 379
7 32 258 341
7 33 16 422
7 34 852 300
7 35 321 333
7 36 526 424
7 37 250 128
7 38 73 257
7 39 889 305
7 40 531 410
7 41 958 368
7 42 343 179
7 43 43 11
7 44 5 243
7 45 292 354
7 46 820 253
7 47 467 39
7 48 190 241
7 49 923 21
8 0 84 122
8 1 711 305
8 2 92 480
8 3 867 83
8 4 475 378
8 5 777 3
8 6 578 368
8 7 743 461
8 9 96 393
8 10 946 50
8 11 274 119
8 12 809 47
8 13 746 138
8 14 173 468
8 15 760 48
8 16 981 422
8 17 341 346
8 18 456 217
8 19 654 161
8 20 600 64
8 21 81 188
8 22 136 329
8 23 114 440
8 24 582 105
8 25 668 264
8 26 312 471
8 27 768 61
8 28 38 257
8 29 399 105
8 30 452 80
8 31 308 216
8 32 5 324
8 33 126 230
8 34 84 390
8 35 785 342
8 36 910 433
8 37 62 23
8 38 527 88
8 39 927 54
8 40 387 298
8 41 638 350
8 42 539 203
8 43 822 288
8 44 921 110
8 45 789 187
8 46 381 48
8 47 807 193
8 48 747 467
8 49 849 415
9 0 714 317
9 1 516 312
9 2 502 289
9 3 671 14
9 4 755 299
9 5 139 71
9 6 195 388
9 7 844 367
9 8 184 333
9 10 312 52
9 11 888 51
9 12 479 135
9 13 199 143
9 14 657 473
9 15 221 253
9 16 778 468
9 17 142 147
9 18 561 322
9 19 873 116
9 20 673 314
9 21 832 406
9 22 773 14
9 23 590 308
9 24 763 387
9 25 284 38
9 26 880 86
9 27 178 179
9 28 443 189
9 29 647 50
9 30 325 434
9 31 607 52
9 32 805 374
9 33 398 183
9 34 394 136
9 35 599 34
9 36 901 216
9 37 881 337
9 38 460 235
9 39 292 112
9 40 246 288
9 41 301 63
9 42 749 240
9 43 485 96
9 44 858 66
9 45 293 92
9 46 2 450
9 47 288 404
9 48 650 343
9 49 175 22
10 0 959 387
10 1 112 430
10 2 207 497
10 3 536 333
10 4 465 414
10 5 892 355
10 6 405 96
10 7 837 77
10 8 673 161
10 9 347 266
10 11 457 320
10 12 717 230
10 13 541 2
10 14 268 95
10 15 693 222
10 16 236 326
10 17 219 174
10 18 514 213
10 19 343 25
10 20 94 404
10 21 879 493
10 22 521 142
10 23 180 179
10 24 438 426
10 25 683 393
10 26 386 70
10 27 426 51
10 28 600 483
10 29 109 434
10 30 159 401
10 31 313 197
10 32 455 266
10 33 745 485
10 34 958 44
10 35 20 26
10 36 897 449
10 37 39 209
10 38 183 109
10 39 778 311
10 40 73 230
10 41 408 229
10 42 601 417
10 43 563 101
10 44 803 336
10 45 71 481
10 46 475 192
10 47 358 465
10 48 916 51
10 49 900 437
11 0 191 460
11 1 928 44
11 2 820 484
11 3 508 2
11 4 188 143
11 5 627 130
11 6 748 18
11 7 721 175
11 8 872 142
11 9 552 337
11 10 957 312
11 12 637 216
11 13 8 498
11 14 363 462
11 15 99 132
11 16 801 145
11 17 186 364
11 18 380 3
11 19 698 444
11 20 11 443
11 21 176 319
11 22 148 462
11 23 675 435
11 24 275 273
11 25 155 414
11 26 222 56
11 27 452 430
11 28 545 230
11 29 856 454
11 30 386 478
11 31 174 93
11 32 247 180
11 33 917 313
11 34 367 307
11 35 517 189
11 36 501 347
11 37 17 325
11 38 619 346
11 39 520 447
11 40 241 337
11 41 723 232
11 42 788 88
11 43 325 167
11 44 637 91
11 45 243 12
11 46 138 208
11 47 212 192
11 48 777 64
11 49 13 72
12 0 745 265
12 1 523 123
12 2 224 270
12 3 897 422
12 4 235 208
12 5 739 238
12 6 92 231
12 7 941 440
12 8 640 133
12 9 214 139
12 10 448 229
12 11 302 293
12 13 875 257
12 14 971 326
12 15 644 492
12 16 798 194
12 17 515 161
12 18 636 370
12 19 864 266
12 20 584 49
12 21 950 161
12 22 576 21
12 23 787 258
12 24 924 213
12 25 784 69
12 26 705 116
12 27 597 3
12 28 819 236
12 29 522 395
12 30 126 83
12 31 775 462
12 32 556 145
12 33 247 96
12 34 31 56
12 35 727 307
12 36 211 339
12 37 939 394
12 38 721 363
12 39 305 322
12 40 154 45
12 41 784 429
12 42 322 190
12 43 867 70
12 44 854 195
12 45 932 490
12 46 557 354
12 47 906 57
12 48 0 77
12 49 307 15
13 0 267 17
13 1 647 239
13 2 713 293
13 3 267 217
13 4 314 286
13 5 80 234
13 6 663 432
13 7 327 492
13 8 246 97
13 9 127 50
13 10 584 30
13 11 82 71
13 12 769 494
13 14 256 384
13 15 144 282
13 16 800 205
13 17 599 224
13 18 890 156
13 19 35 78
13 20 747 174
13 21 730 413
13 22 817 196
13 23 692 72
13 24 379 469
13 25 340 253
13 26 40 462
13 27 568 61
13 28 67 168
13 29 112 162
13 30 106 128
13 31 888 453
13 32 668 243
13 33 355 279
13 34 800 195
13 35 716 273
13 36 740 223
13 37 374 279
13 38 840 33
13 39 703 110
13 40 6 21
13 41 728 23
13 42 969 148
13 43 169 18
13 44 633 140
13 45 360 369
13 46 538 124
13 47 646 103
13 48 736 1
13 49 764 268
14 0 393 240
14 1 84 66
14 2 928 229
14 3 691 384
14 4 526 197
14 5 989 266
14 6 439 358
14 7 579 204
14 8 14 374
14 9 445 323
14 10 30 403
14 11 387 284
14 12 55 17
14 13 774 396
14 15 36 269
14 16 329 214
14 17 20 206
14 18 563 474
14 19 873 127
14 20 717 199
14 21 650 353
14 22 933 44
14 23 424 256
14 24 497 219
14 25 261 471
14 26 86 146
14 27 749 237
14 28 860 402
14 29 508 317
14 30 596 272
14 31 174 463
14 32 974 97
14 33 340 268
14 34 144 106
14 35 792 430
14 36 613 221
14 37 568 273
14 38 532 496
14 39 59 15
14 40 432 160
14 41 973 259
14 42 613 361
14 43 993 236
14 44 527 250
14 45 109 61
14 46 46 141
14 47 50 10
14 48 479 195
14 49 558 311
15 0 603 175
15 1 485 108
15 2 793 27
15 3 762 163
15 4 47 410
15 5 356 240
15 6 142 164
15 7 999 378
15 8 51 496
15 9 229 289
15 10 493 169
15 11 702 270
15 12 622 376
15 13 561 51
15 14 143 59
15 16 726 373
15 17 470 105
15 18 963 132
15 19 265 362
15 20 590 156
15 21 547 473
15 22 793 345
15 23 276 396
15 24 446 163
15 25 785 338
15 26 906 139
15 27 15 304
15 28 819 319
15 29 362 190
15 30 741 252
15 31 500 233
15 32 251 485
15 33 678 107
15 34 235 472
15 35 940 412
15 36 258 244
15 37 772 26
15 38 178 24
15 39 845 312
15 40 376 315
15 41 302 141
15 42 909 158
15 43 892 364
15 44 956 127
15 45 109 348
15 46 759 304
15 47 165 5
15 48 580 421
15 49 226 407
16 0 788 83
16 1 641 23
16 2 656 206
16 3 98 417
16 4 462 471
16 5 460 419
16 6 574 381
16 7 122 241
16 8 80 7
16 9 212 18
16 10 269 160
16 11 735 14
16 12 931 450
16 13 40 255
16 14 744 133
16 15 326 266
16 17 435 483
16 18 579 45
16 19 381 339
16 20 926 422
16 21 622 193
16 22 683 98
16 23 149 403
16 24 680 115
16 25 821 446
16 26 268 45
16 27 214 1
16 28 119 73
16 29 903 80
16 30 657 323
16 31 427 492
16 32 180 431
16 33 952 379
16 34 954 166
16 35 437 440
16 36 178 30
16 37 267 431
16 38 256 208
16 39 668 468
16 40 648 244
16 41 829 458
16 42 579 22
16 43 919 349
16 44 190 411
16 45 859 424
16 46 470 143
16 47 832 325
16 48 150 392
16 49 410 52
17 0 118 423
17 1 984 148
17 2 908 126
17 3 158 82
17 4 670 413
17 5 101 159
17 6 316 465
17 7 234 448
17 8 975 76
17 9 595 82
17 10 976 227
17 11 13 223
17 12 742 423
17 13 97 446
17 14 630 253
17 15 997 374
17 16 355 490
17 18 44 131
17 19 234 101
17 20 428 452
17 21 30 264
17 22 222 173
17 23 460 228
17 24 243 218
17 25 611 419
17 26 602 293
17 27 295 307
17 28 35 18
17 29 462 66
17 30 930 46
17 31 640 463
17 32 841 497
17 33 909 443
17 34 259 72
17 35 89 343
17 36 48 60
17 37 217 135
17 38 467 339
17 39 728 355
17 40 114 169
17 41 551 358
17 42 927 423
17 43 332 481
17 44 884 397
17 45 95 407
17 46 886 367
17 47 742 363
17 48 730 326
17 49 613 495
18 0 796 351
18 1 677 422
18 2 823 447
18 3 116 145
18 4 573 422
18 5 2 343
18 6 185 276
18 7 403 56
18 8 400 367
18 9 75 142
18 10 529 85
18 11 100 208
18 12 906 421
18 13 144 318
18 14 495 379
18 15 627 146
18 16 461 152
18 17 138 142
18 19 199 127
18 20 576 386
18 21 100 289
18 22 460 143
18 23 133 431
18 24 399 266
18 25 599 237
18 26 818 64
18 27 645 459
18 28 546 275
18 29 762 345
18 30 188 128
18 31 449 407
18 32 550 455
18 33 120 344
18 34 196 160
18 35 943 386
18 36 93 22
18 37 351 277
18 38 330 242
18 39 417 364
18 40 18 8
18 41 204 418
18 42 147 424
18 43 756 346
18 44 401 259
18 45 384 295
18 46 776 416
18 47 405 163
18 48 743 263
18 49 15 469
19 0 847 479
19 1 712 470
19 2 3 32
19 3 495 166
19 4 549 456
19 5 63 283
19 6 930 133
19 7 405 38
19 8 117 80
19 9 771 259
19 10 679 77
19 11 108 228
19 12 988 257
19 13 783 366
19 14 41 399
19 15 672 444
19 16 757 192
19 17 830 380
19 18 448 162
19 20 94 499
19 21 238 79
19 22 565 84
19 23 425 485
19 24 247 271
19 25 132 9
19 26 61 406
19 27 174 85
19 28 268 81
19 29 684 25
19 30 894 363
19 31 849 283
19 32 614 303
19 33 951 222
19 34 368 200
19 35 770 231
19 36 398 4
19 37 621 482
19 38 179 23
19 39 935 213
19 40 590 33
19 41 445 326
19 42 879 310
19 43 822 74
19 44 782 253
19 45 199 338
19 46 233 24
19 47 244 424
19 48 656 97
19 49 293 12
20 0 595 32
20 1 488 496
20 2 74 55
20 3 958 126
20 4 158 446
20 5 680 374
20 6 961 63
20 7 401 420
20 8 746 112
20 9 989 264
20 10 731 94
20 11 206 482
20 12 238 225
20 13 814 447
20 14 645 54
20 15 920 120
20 16 173 204
20 17 234 123
20 18 519 96
20 19 500 338
20 21 86 90
20 22 426 23
20 23 306 413
20 24 887 26
20 25 51 438
20 26 581 391
20 27 65 393
20 28 749 152
20 29 237 282
20 30 199 441
20 31 673 59
20 32 124 423
20 33 528 179
20 34 94 24
20 35 551 297
20 36 726 318
20 37 775 76
20 38 684 41
20 39 980 286
20 40 135 16
20 41 449 358
20 42 815 257
20 43 504 282
20 44 819 371
20 45 130 9
20 46 626 401
20 47 138 375
20 48 650 333
20 49 109 372
21 0 716 330
21 1 338 221
21 2 298 57
21 3 594 491
21 4 197 287
21 5 556 166
21 6 607 3
21 7 49 211
21 8 521 277
21 9 989 170
21 10 297 59
21 11 360 461
21 12 922 249
21 13 674 286
21 14 166 391
21 15 316 441
21 16 444 327
21 17 325 371
21 18 770 460
21 19 726 483
21 20 495 141
21 22 300 51
21 23 288 175
21 24 526 405
21 25 905 257
21 26 152 101
21 27 634 256
21 28 126 278
21 29 12 400
21 30 129 89
21 31 584 223
21 32 62 14
21 33 102 193
21 34 771 436
21 35 307 249
21 36 840 401
21 37 780 70
21 38 905 34
21 39 490 215
21 40 880 197
21 41 946 16
21 42 598 290
21 43 546 362
21 44 137 279
21 45 526 133
21 46 737 55
21 47 714 399
21 48 138 408
21 49 186 455
22 0 689 247
22 1 408 264
22 2 296 94
22 3 670 101
22 4 259 80
22 5 633 70
22 6 557 290
22 7 173 78
22 8 161 359
22 9 881 149
22 10 277 203
22 11 566 7
22 12 517 140
22 13 815 328
22 14 97 1
22 15 566 393
22 16 496 487
22 17 316 396
22 18 164 493
22 19 995 211
22 20 149 314
22 21 564 353
22 23 209 368
22 24 862 185
22 25 456 372
22 26 669 367
22 27 152 118
22 28 750 334
22 29 517 282
22 30 326 307
22 31 567 446
22 32 401 31
22 33 868 359
22 34 857 16
22 35 706 426
22 36 457 427
22 37 482 10
22 38 561 346
22 39 758 212
22 40 62 107
22 41 169 366
22 42 949 160
22 43 969 349
22 44 991 243
22 45 264 158
22 46 101 416
22 47 210 251
22 48 895 39
22 49 222 376
23 0 112 464
23 1 605 284
23 2 784 44
23 3 590 172
23 4 780 174
23 5 770 421
23 6 563 469
23 7 576 256
23 8 260 272
23 9 213 126
23 10 32 238
23 11 569 66
23 12 309 390
23 13 636 102
23 14 859 429
23 15 958 486
23 16 787 282
23 17 541 285
23 18 652 65
23 19 917 216
23 20 480 344
23 21 276 22
23 22 628 426
23 24 558 444
23 25 397 385
23 26 141 214
23 27 249 355
23 28 563 279
23 29 491 100
23 30 765 175
23 31 59 361
23 32 322 423
23 33 288 432
23 34 418 470
23 35 996 168
23 36 374 238
23 37 24 325
23 38 522 326
23 39 503 40
23 40 542 450
23 41 851 341
23 42 330 50
23 43 394 446
23 44 660 442
23 45 94 212
23 46 236 76
23 47 149 279
23 48 0 218
23 49 423 209
24 0 378 210
24 1 755 376
24 2 897 390
24 3 404 209
24 4 433 453
24 5 500 487
24 6 808 175
24 7 659 69
24 8 452 26
24 9 32 56
24 10 939 63
24 11 538 87
24 12 280 343
24 13 734 140
24 14 125 79
24 15 699 252
24 16 578 227
24 17 257 238
24 18 236 330
24 19 896 334
24 20 569 198
24 21 645 188
24 22 747 152
24 23 516 100
24 25 358 274
24 26 314 148
24 27 675 426
24 28 473 477
24 29 540 104
24 30 236 332
24 31 366 468
24 32 170 472
24 33 391 213
24 34 421 313
24 35 89 159
24 36 297 329
24 37 714 471
24 38 36 231
24 39 248 276
24 40 662 303
24 41 101 488
24 42 904 388
24 43 829 189
24 44 733 184
24 45 586 484
24 46 35 476
24 47 906 102
24 48 898 148
24 49 633 160
25 0 925 361
25 1 638 111
25 2 383 176
25 3 166 209
25 4 814 207
25 5 972 238
25 6 22 36
25 7 454 463
25 8 851 142
25 9 305 292
25 10 654 446
25 11 554 345
25 12 845 230
25 13 896 372
25 14 758 265
25 15 65 342
25 16 253 351
25 17 907 318
25 18 56 37
25 19 56 435
25 20 489 14
25 21 349 255
25 22 102 402
25 23 439 476
25 24 88 372
25 26 538 371
25 27 636 46
25 28 433 241
25 29 553 164
25 30 226 155
25 31 859 145
25 32 995 56
25 33 995 451
25 34 750 26
25 35 978 403
25 36 924 233
25 37 835 136
25 38 979 468
25 39 78 209
25 40 891 83
25 41 163 214
25 42 910 400
25 43 522 171
25 44 282 37
25 45 672 254
25 46 387 266
25 47 800 191
25 48 645 397
25 49 286 197
26 0 847 132
26 1 202 385
26 2 732 18
26 3 45 356
26 4 975 61
26 5 131 433
26 6 290 147
26 7 296 100
26 8 95 409
26 9 544 188
26 10 894 108
26 11 886 140
26 12 749 343
26 13 664 197
26 14 482 475
26 15 790 165
26 16 215 496
26 17 101 474
26 18 30 73
26 19 660 2
26 20 271 395
26 21 872 280
26 22 86 84
26 23 762 91
26 24 988 153
26 25 559 441
26 27 524 223
26 28 164 137
26 29 133 414
26 30 669 308
26 31 779 229
26 32 946 497
26 33 452 24
26 34 943 241
26 35 195 301
26 36 488 233
26 37 395 180
26 38 28 241
26 39 531 395
26 40 664 259
26 41 99 112
26 42 402 312
26 43 670 283
26 44 898 402
26 45 395 283
26 46 420 87
26 47 27 183
26 48 170 239
26 49 415 57
27 0 962 305
27 1 718 225
27 2 78 57
27 3 812 53
27 4 596 172
27 5 898 130
27 6 864 498
27 7 485 133
27 8 622 78
27 9 834 260
27 10 960 115
27 11 88 190
27 12 405 57
27 13 748 288
27 14 595 82
27 15 690 278
27 16 775 204
27 17 8 426
27 18 523 410
27 19 960 59
27 20 165 429
27 21 380 14
27 22 857 432
27 23 296 239
27 24 22 65
27 25 999 491
27 26 361 43
27 28 364 383
27 29 203 56
27 30 343 399
27 31 277 17
27 32 355 26
27 33 443 182
27 34 907 483
27 35 186 433
27 36 86 176
27 37 727 233
27 38 382 292
27 39 333 339
27 40 63 177
27 41 810 31
27 42 338 85
27 43 151 351
27 44 938 177
27 45 816 140
27 46 152 47
27 47 316 254
27 48 148 379
27 49 873 27
28 0 726 29
28 1 923 406
28 2 412 325
28 3 280 397
28 4 235 306
28 5 474 149
28 6 969 142
28 7 361 153
28 8 455 256
28 9 10 196
28 10 867 413
28 11 675 9
28 12 921 495
28 13 528 34
28 14 751 200
28 15 125 238
28 16 461 24
28 17 291 436
28 18 699 285
28 19 668 467
28 20 185 71
28 21 232 77
28 22 426 297
28 23 461 441
28 24 107 236
28 25 276 487
28 26 299 475
28 27 994 110
28 29 943 261
28 30 291 347
28 31 923 208
28 32 173 192
28 33 465 232
28 34 258 82
28 35 35 463
28 36 98 110
28 37 68 165
28 38 375 247
28 39 926 418
28 40 377 17
28 41 309 326
28 42 9 304
28 43 605 1
28 44 831 274
28 45 526 61
28 46 244 225
28 47 539 208
28 48 835 2
28 49 881 46
29 0 169 458
29 1 20 134
29 2 138 44
29 3 600 257
29 4 584 263
29 5 351 481
29 6 561 330
29 7 615 285
29 8 271 110
29 9 574 51
29 10 770 50
29 11 225 7
29 12 551 382
29 13 432 193
29 14 769 156
29 15 480 469
29 16 231 250
29 17 208 184
29 18 590 404
29 19 883 87
29 20 335 117
29 21 136 448
29 22 896 376
29 23 468 84
29 24 974 21
29 25 270 372
29 26 144 248
29 27 760 348
29 28 261 96
29 30 83 15
29 31 506 282
29 32 970 368
29 33 65 89
29 34 107 327
29 35 986 495
29 36 830 161
29 37 226 483
29 38 220 61
29 39 720 344
29 40 292 347
29 41 731 281
29 42 440 438
29 43 59 100
29 44 573 160
29 45 392 328
29 46 351 449
29 47 221 160
29 48 637 143
29 49 499 372
30 0 942 243
30 1 736 386
30 2 809 481
30 3 741 14
30 4 86 230
30 5 718 189
30 6 156 225
30 7 941 298
30 8 326 0
30 9 797 450
30 10 320 95
30 11 556 336
30 12 89 389
30 13 993 363
30 14 64 246
30 15 471 3
30 16 980 103
30 17 781 394
30 18 170 261
30 19 819 128
30 20 984 268
30 21 636 70
30 22 987 289
30 23 738 157
30 24 578 267
30 25 214 449
30 26 725 385
30 27 571 407
30 28 549 282
30 29 542 307
30 31 58 6
30 32 622 19
30 33 221 201
30 34 829 196
30 35 925 324
30 36 649 455
30 37 185 142
30 38 51 86
30 39 863 394
30 40 487 221
30 41 324 351
30 42 342 25
30 43 473 457
30 44 865 11
30 45 479 203
30 46 637 269
30 47 421 130
30 48 577 321
30 49 663 203
31 0 35 294
31 1 54 342
31 2 499 120
31 3 971 275
31 4 414 417
31 5 339 451
31 6 277 332
31 7 604 309
31 8 714 39
31 9 534 290
31 10 101 6
31 11 988 369
31 12 551 205
31 13 999 64
31 14 53 331
31 15 534 44
31 16 252 294
31 17 774 375
31 18 830 372
31 19 302 122
31 20 580 321
31 21 146 428
31 22 307 375
31 23 477 10
31 24 829 5
31 25 602 465
31 26 25 295
31 27 671 288
31 28 0 335
31 29 705 27
31 30 333 120
31 32 143 293
31 33 829 458
31 34 338 329
31 35 663 320
31 36 904 121
31 37 283 25
31 38 101 295
31 39 802 289
31 40 612 316
31 41 591 107
31 42 563 308
31 43 804 117
31 44 193 402
31 45 905 449
31 46 860 119
31 47 139 1
31 48 825 484
31 49 921 81
32 0 628 292
32 1 804 266
32 2 828 43
32 3 584 465
32 4 678 193
32 5 510 145
32 6 18 51
32 7 504 290
32 8 719 154
32 9 816 456
32 10 115 361
32 11 811 487
32 12 961 475
32 13 979 393
32 14 919 450
32 15 950 274
32 16 486 377
32 17 81 157
32 18 843 333
32 19 246 260
32 20 52 378
32 21 812 35
32 22 858 158
32 23 652 288
32 24 626 234
32 25 490 371
32 26 191 151
32 27 717 76
32 28 253 348
32 29 939 86
32 30 599 445
32 31 721 42
32 33 646 401
32 34 401 244
32 35 469 324
32 36 11 261
32 37 404 411
32 38 592 131
32 39 139 122
32 40 841 383
32 41 715 166
32 42 508 453
32 43 634 113
32 44 59 443
32 45 924 499
32 46 60 261
32 47 890 391
32 48 609 268
32 49 586 5
33 0 25 27
33 1 658 18
33 2 578 31
33 3 859 85
33 4 327 499
33 5 416 84
33 6 765 65
33 7 501 137
33 8 38 67
33 9 500 48
33 10 23 212
33 11 97 42
33 12 948 493
33 13 866 278
33 14 523 226
33 15 567 274
33 16 509 113
33 17 585 43
33 18 290 222
33 19 258 308
33 20 445 337
33 21 786 105
33 22 806 143
33 23 485 422
33 24 423 493
33 25 942 223
33 26 411 19
33 27 530 179
33 28 26 198
33 29 916 275
33 30 851 242
33 31 99 180
33 32 711 342
33 34 447 0
33 35 130 352
33 36 618 287
33 37 380 202
33 38 786 93
33 39 692 136
33 40 31 57
33 41 258 487
33 42 562 334
33 43 13 46
33 44 29 20
33 45 491 472
33 46 590 171
33 47 430 345
33 48 702 70
33 49 375 75
34 0 142 253
34 1 855 380
34 2 82 118
34 3 166 434
34 4 423 429
34 5 141 227
34 6 974 199
34 7 429 268
34 8 69 221
34 9 630 49
34 10 483 61
34 11 43 36
34 12 464 237
34 13 763 83
34 14 615 69
34 15 317 379
34 16 645 86
34 17 520 363
34 18 409 343
34 19 596 416
34 20 546 368
34 21 288 260
34 22 136 358
34 23 58 102
34 24 160 344
34 25 304 321
34 26 811 173
34 27 717 137
34 28 822 240
34 29 442 218
34 30 620 380
34 31 196 132
34 32 933 358
34 33 993 171
34 35 404 294
34 36 176 475
34 37 327 232
34 38 472 232
34 39 182 265
34 40 670 171
34 41 220 487
34 42 985 16
34 43 322 351
34 44 307 72
34 45 183 375
34 46 582 401
34 47 511 389
34 48 69 222
34 49 495 31
35 0 787 450
35 1 651 481
35 2 851 489
35 3 428 161
35 4 443 305
35 5 853 56
35 6 952 37
35 7 87 468
35 8 106 204
35 9 640 207
35 10 553 412
35 11 165 67
35 12 627 338
35 13 914 348
35 14 120 205
35 15 758 454
35 16 310 205
35 17 871 80
35 18 389 149
35 19 485 416
35 20 909 169
35 21 946 431
35 22 413 17
35 23 799 260
35 24 443 220
35 25 934 498
35 26 264 49
35 27 133 446
35 28 776 24
35 29 588 448
35 30 458 173
35 31 805 384
35 32 758 338
35 33 931 74
35 34 976 208
35 36 981 443
35 37 755 464
35 38 748 84
35 39 962 274
35 40 689 202
35 41 988 311
35 42 403 126
35 43 723 268
35 44 145 249
35 45 584 366
35 46 396 21
35 47 81 100
35 48 812 420
35 49 878 372
36 0 988 427
36 1 160 485
36 2 741 458
36 3 898 244
36 4 85 430
36 5 37 387
36 6 266 12
36 7 398 334
36 8 278 61
36 9 206 211
36 10 621 395
36 11 157 9
36 12 834 119
36 13 220 323
36 14 80 49
36 15 391 34
36 16 954 276
36 17 39 347
36 18 469 469
36 19 184 277
36 20 799 111
36 21 329 32
36 22 248 364
36 23 735 263
36 24 850 471
36 25 950 236
36 26 733 54
36 27 491 283
36 28 348 356
36 29 214 214
36 30 811 302
36 31 497 382
36 32 158 268
36 33 461 313
36 34 476 323
36 35 182 137
36 37 868 256
36 38 341 58
36 39 240 38
36 40 643 45
36 41 19 297
36 42 564 376
36 43 703 27
36 44 319 25
36 45 768 267
36 46 480 289
36 47 140 489
36 48 345 149
36 49 515 403
37 0 925 495
37 1 453 53
37 2 267 160
37 3 619 304
37 4 438 430
37 5 685 40
37 6 951 352
37 7 675 257
37 8 457 189
37 9 571 388
37 10 430 169
37 11 311 455
37 12 919 225
37 13 889 132
37 14 749 202
37 15 71 337
37 16 396 262
37 17 782 332
37 18 846 201
37 19 272 142
37 20 262 479
37 21 366 106
37 22 663 21
37 23 729 60
37 24 421 150
37 25 897 426
37 26 641 104
37 27 763 280
37 28 659 326
37 29 824 204
37 30 57 448
37 31 83 227
37 32 421 433
37 33 118 134
37 34 268 195
37 35 552 265
37 36 349 459
37 38 744 6
37 39 961 237
37 40 133 191
37 41 776 15
37 42 235 208
37 43 238 499
37 44 977 448
37 45 650 401
37 46 306 354
37 47 698 195
37 48 162 59
37 49 256 140
38 0 387 262
38 1 673 470
38 2 56 11
38 3 860 400
38 4 35 411
38 5 275 84
38 6 205 25
38 7 198 220
38 8 468 218
38 9 439 223
38 10 335 45
38 11 248 321
38 12 798 473
38 13 32 480
38 14 66 144
38 15 243 227
38 16 814 458
38 17 395 435
38 18 939 127
38 19 672 487
38 20 77 473
38 21 143 141
38 22 999 171
38 23 724 234
38 24 780 81
38 25 914 57
38 26 253 81
38 27 757 26
38 28 109 395
38 29 14 88
38 30 79 128
38 31 630 447
38 32 173 13
38 33 765 56
38 34 282 218
38 35 88 179
38 36 385 115
38 37 643 192
38 39 574 183
38 40 853 177
38 41 531 384
38 42 470 392
38 43 931 113
38 44 837 20
38 45 17 425
38 46 216 48
38 47 108 423
38 48 992 141
38 49 873 378
39 0 395 77
39 1 195 241
39 2 515 290
39 3 715 79
39 4 966 145
39 5 526 410
39 6 644 28
39 7 588 57
39 8 842 259
39 9 342 339
39 10 560 180
39 11 531 388
39 12 458 319
39 13 623 225
39 14 922 248
39 15 207 159
39 16 652 201
39 17 801 83
39 18 984 258
39 19 325 475
39 20 807 426
39 21 771 225
39 22 909 180
39 23 566 375
39 24 880 454
39 25 431 220
39 26 270 481
39 27 216 364
39 28 602 420
39 29 178 262
39 30 337 193
39 31 842 494
39 32 789 322
39 33 156 386
39 34 161 241
39 35 724 484
39 36 334 247
39 37 420 121
39 38 856 493
39 40 995 368
39 41 896 213
39 42 176 83
39 43 388 196
39 44 895 495
39 45 233 36
39 46 515 285
39 47 459 179
39 48 560 124
39 49 3 358
40 0 22 82
40 1 198 373
40 2 133 266
40 3 243 276
40 4 777 49
40 5 541 386
40 6 835 219
40 7 198 5
40 8 605 293
40 9 404 250
40 10 578 319
40 11 574 47
40 12 209 17
40 13 453 384
40 14 283 228
40 15 485 152
40 16 621 342
40 17 52 377
40 18 218 148
40 19 308 497
40 20 395 424
40 21 767 115
40 22 287 483
40 23 242 446
40 24 554 323
40 25 393 66
40 26 285 484
40 27 227 247
40 28 2 340
40 29 264 142
40 30 138 375
40 31 591 380
40 32 435 322
40 33 515 326
40 34 940 412
40 35 648 167
40 36 673 208
40 37 566 480
40 38 382 404
40 39 854 468
40 41 456 124
40 42 69 371
40 43 216 148
40 44 237 109
40 45 979 250
40 46 504 59
40 47 252 48
40 48 878 343
40 49 740 196
41 0 340 340
41 1 217 494
41 2 16 445
41 3 405 291
41 4 853 393
41 5 391 354
41 6 724 423
41 7 957 397
41 8 589 87
41 9 92 413
41 10 393 36
41 11 328 449
41 12 190 290
41 13 994 34
41 14 268 367
41 15 462 304
41 16 415 340
41 17 598 215
41 18 572 1
41 19 14 212
41 20 791 202
41 21 134 258
41 22 252 45
41 23 310 421
41 24 266 201
41 25 669 329
41 26 475 498
41 27 558 332
41 28 578 276
41 29 734 423
41 30 287 98
41 31 455 351
41 32 877 26
41 33 135 224
41 34 56 74
41 35 875 424
41 36 555 4
41 37 364 404
41 38 101 337
41 39 650 184
41 40 78 159
41 42 27 277
41 43 317 293
41 44 220 447
41 45 139 477
41 46 742 213
41 47 151 99
41 48 130 14
41 49 251 133
42 0 479 154
42 1 416 177
42 2 156 485
42 3 364 260
42 4 780 233
42 5 195 215
42 6 834 137
42 7 750 431
42 8 828 34
42 9 448 24
42 10 964 293
42 11 3 353
42 12 14 77
42 13 904 72
42 14 184 78
42 15 411 331
42 16 464 413
42 17 17 310
42 18 799 191
42 19 142 289
42 20 848 169
42 21 10 341
42 22 612 380
42 23 544 220
42 24 829 496
42 25 489 396
42 26 580 246
42 27 499 297
42 28 647 202
42 29 739 415
42 30 560 75
42 31 494 12
42 32 978 256
42 33 647 389
42 34 894 394
42 35 357 371
42 36 127 184
42 37 425 370
42 38 129 485
42 39 180 479
42 40 963 334
42 41 752 272
42 43 161 125
42 44 138 404
42 45 656 439
42 46 640 108
42 47 29 67
42 48 242 4
42 49 647 445
43 0 786 271
43 1 679 72
43 2 285 403
43 3 512 355
43 4 547 321
43 5 681 363
43 6 601 322
43 7 397 176
43 8 189 279
43 9 605 164
43 10 368 130
43 11 207 4
43 12 478 118
43 13 144 360
43 14 245 395
43 15 612 16
43 16 333 145
43 17 176 309
43 18 98 344
43 19 329 322
43 20 332 5
43 21 373 466
43 22 657 385
43 23 286 423
43 24 331 445
43 25 175 349
43 26 153 191
43 27 708 316
43 28 619 426
43 29 354 432
43 30 644 483
43 31 897 489
43 32 257 37
43 33 596 178
43 34 764 463
43 35 2 48
43 36 938 187
43 37 29 297
43 38 147 158
43 39 442 239
43 40 207 309
43 41 178 180
43 42 0 443
43 44 993 310
43 45 739 173
43 46 486 192
43 47 313 191
43 48 362 285
43 49 458 479
44 0 927 111
44 1 885 465
44 2 319 412
44 3 306 174
44 4 419 226
44 5 665 431
44 6 931 436
44 7 480 54
44 8 233 240
44 9 996 113
44 10 102 368
44 11 574 294
44 12 120 443
44 13 972 241
44 14 459 215
44 15 441 193
44 16 653 163
44 17 317 486
44 18 151 311
44 19 321 285
44 20 76 493
44 21 433 3
44 22 859 457
44 23 117 46
44 24 396 57
44 25 320 249
44 26 850 447
44 27 86 485
44 28 782 29
44 29 454 120
44 30 489 447
44 31 628 71
44 32 223 472
44 33 115 187
44 34 568 218
44 35 946 322
44 36 424 190
44 37 652 142
44 38 294 385
44 39 377 345
44 40 884 349
44 41 189 367
44 42 593 137
44 43 706 187
44 45 334 80
44 46 617 412
44 47 56 123
44 48 967 139
44 49 191 41
45 0 654 380
45 1 520 300
45 2 405 472
45 3 981 29
45 4 229 138
45 5 829 303
45 6 967 356
45 7 305 78
45 8 449 449
45 9 432 78
45 10 275 383
45 11 316 446
45 12 591 186
45 13 138 279
45 14 653 165
45 15 642 154
45 16 91 81
45 17 909 248
45 18 108 445
45 19 555 169
45 20 167 192
45 21 945 67
45 22 98 125
45 23 291 273
45 24 150 361
45 25 703 212
45 26 490 10
45 27 318 40
45 28 394 228
45 29 640 23
45 30 788 141
45 31 356 439
45 32 445 133
45 33 376 277
45 34 157 465
45 35 892 162
45 36 315 419
45 37 459 207
45 38 89 375
45 39 961 120
45 40 473 332
45 41 666 482
45 42 686 492
45 43 45 40
45 44 442 343
45 46 129 115
45 47 969 242
45 48 109 207
45 49 751 243
46 0 969 454
46 1 417 431
46 2 233 366
46 3 700 346
46 4 147 395
46 5 444 54
46 6 30 459
46 7 774 348
46 8 882 230
46 9 681 464
46 10 542 62
46 11 615 335
46 12 354 292
46 13 157 232
46 14 0 454
46 15 950 485
46 16 817 184
46 17 832 25
46 18 101 266
46 19 745 124
46 20 323 94
46 21 358 176
46 22 107 66
46 23 50 495
46 24 594 366
46 25 919 68
46 26 856 267
46 27 809 105
46 28 119 483
46 29 676 59
46 30 875 313
46 31 89 346
46 32 995 461
46 33 744 48
46 34 455 244
46 35 346 389
46 36 679 352
46 37 132 393
46 38 838 91
46 39 777 216
46 40 915 348
46 41 570 385
46 42 230 189
46 43 983 175
46 44 345 329
46 45 469 110
46 47 286 279
46 48 914 141
46 49 482 329
47 0 380 468
47 1 148 363
47 2 716 413
47 3 432 424
47 4 614 135
47 5 31 196
47 6 703 473
47 7 88 136
47 8 718 159
47 9 653 351
47 10 669 499
47 11 361 69
47 12 220 324
47 13 698 67
47 14 931 90
47 15 792 155
47 16 118 470
47 17 39 417
47 18 768 235
47 19 683 191
47 20 742 357
47 21 775 222
47 22 662 432
47 23 719 190
47 24 184 186
47 25 82 427
47 26 372 222
47 27 994 296
47 28 93 346
47 29 726 12
47 30 874 259
47 31 336 496
47 32 459 187
47 33 828 114
47 34 847 255
47 35 612 294
47 36 227 194
47 37 35 444
47 38 252 377
47 39 270 218
47 40 127 176
47 41 292 249
47 42 798 143
47 43 91 445
47 44 979 409
47 45 916 426
47 46 336 126
47 48 846 398
47 49 628 337
48 0 25 238
48 1 186 318
48 2 65 206
48 3 25 50
48 4 303 139
48 5 855 286
48 6 715 491
48 7 927 3
48 8 482 362
48 9 294 287
48 10 617 136
48 11 392 266
48 12 126 364
48 13 786 486
48 14 526 207
48 15 646 275
48 16 891 416
48 17 189 478
48 18 245 107
48 19 57 274
48 20 493 456
48 21 123 104
48 22 895 25
48 23 217 189
48 24 776 255
48 25 952 196
48 26 784 172
48 27 926 455
48 28 74 356
48 29 883 300
48 30 129 264
48 31 152 10
48 32 361 171
48 33 978 303
48 34 557 17
48 35 157 25
48 36 947 140
48 37 259 421
48 38 330 238
48 39 221 53
48 40 988 87
48 41 499 386
48 42 519 213
48 43 683 297
48 44 140 283
48 45 195 134
48 46 96 174
48 47 290 229
48 49 690 134
49 0 66 123
49 1 304 111
49 2 298 126
49 3 504 279
49 4 95 417
49 5 35 158
49 6 941 12
49 7 491 220
49 8 797 5
49 9 868 240
49 10 605 4
49 11 48 400
49 12 278 72
49 13 148 284
49 14 603 419
49 15 837 335
49 16 87 71
49 17 894 192
49 18 394 199
49 19 943 245
49 20 233 489
49 21 807 87
49 22 3 149
49 23 616 400
49 24 309 242
49 25 282 457
49 26 492 165
49 27 714 385
49 28 475 431
49 29 339 39
49 30 703 88
49 31 750 395
49 32 320 322
49 33 175 357
49 34 42 59
49 35 204 138
49 36 98 6
49 37 451 51
49 38 310 33
49 39 903 310
49 40 551 92
49 41 534 22
49 42 515 124
49 43 815 495
49 44 113 77
49 45 70 408
49 46 333 410
49 47 606 326
49 48 465 391
